169 24 1 9 2 3 1 1 1 1 1 2 1 5 1 2 0 0 0 0 0 0 0 224
1 169 9 24 5 3 2 2 1 1 1 1 1 2 1 1 0 0 0 0 0 0 0 0 0 0 0 0 0 0 0 0 0 0 0 0 0 0 0 0 0 0 0 0 224
169 1 24 5 1 2 3 2 1 9 2 1 1 1 1 1 0 0 0 0 0 0 0 0 0 0 0 0 0 224
169 9 24 1 2 1 1 5 1 3 2 1 2 1 1 1 0 0 0 0 0 0 0 0 0 0 0 0 0 0 0 224
168 2 25 5 9 1 1 3 1 1 1 2 1 2 1 1 0 0 0 0 0 0 0 0 0 0 0 224
168 2 9 3 25 1 2 1 2 1 1 1 1 1 5 1 0 0 0 0 0 0 0 0 0 0 0 0 0 0 0 224
170 23 3 2 9 1 5 2 1 1 1 1 1 2 1 1 0 0 0 0 0 0 0 0 0 0 0 224
170 2 9 1 3 23 5 1 2 1 1 1 1 2 1 1 0 0 0 0 0 0 0 0 0 0 0 0 0 0 0 224
169 24 2 5 1 9 1 1 1 2 1 2 3 1 1 1 0 0 0 0 0 0 0 0 0 0 0 0 0 0 0 0 0 0 0 0 0 0 0 0 0 0 0 0 0 0 0 0 224
168 25 2 9 1 1 2 5 3 1 1 1 1 2 1 1 0 0 0 0 0 0 0 0 0 224
169 24 5 9 3 1 2 1 1 2 1 1 1 2 1 1 0 0 0 0 0 0 0 0 0 0 0 0 0 0 0 0 0 224
168 3 25 1 2 2 9 1 5 2 1 1 1 1 1 1 0 0 0 0 0 0 0 0 0 0 0 0 0 0 0 224
168 1 9 25 1 3 2 2 5 1 2 1 1 1 1 1 0 0 0 0 0 0 0 0 0 0 0 0 0 0 0 0 0 0 224
169 24 2 1 1 5 2 9 1 2 3 1 1 1 1 1 0 0 0 0 224
169 9 1 24 1 5 3 2 1 2 2 1 1 1 1 1 0 0 0 0 224
171 2 5 22 1 2 9 1 1 3 1 1 1 2 1 1 0 0 0 0 0 0 0 0 0 0 0 0 0 0 0 0 0 0 0 0 0 0 0 0 0 0 0 0 0 0 0 0 0 0 0 224
169 24 1 9 1 2 1 2 2 3 5 1 1 1 1 1 0 0 0 0 0 0 0 0 0 0 0 0 0 224
168 25 9 5 3 1 1 2 1 2 1 1 2 1 1 1 0 0 0 0 0 0 0 0 0 0 0 0 0 0 0 224
169 9 2 1 24 2 3 5 1 2 1 1 1 1 1 1 0 0 0 0 0 0 0 0 0 224
24 169 1 9 1 1 5 3 2 1 1 1 2 2 1 1 0 0 0 0 0 0 0 0 0 0 0 0 0 0 224
167 9 1 26 3 2 1 5 2 1 2 1 1 1 1 1 0 0 0 0 0 0 0 0 0 0 0 0 224
169 9 2 24 5 2 3 1 1 1 2 1 1 1 1 1 0 0 0 0 0 0 0 0 0 0 224
168 25 5 2 9 1 1 1 1 1 1 3 1 2 2 1 0 0 0 0 0 0 0 0 0 0 0 0 0 0 0 0 0 0 0 0 0 0 0 0 0 0 0 0 0 0 0 0 0 224
169 2 9 24 5 1 3 2 2 1 1 1 1 1 1 1 0 0 0 0 0 0 0 0 0 0 0 0 0 0 0 0 0 0 224
169 1 24 9 2 5 2 3 1 1 1 1 1 1 1 2 0 0 0 0 0 0 0 0 0 0 0 0 0 0 0 0 0 0 0 0 0 0 0 0 0 0 0 0 0 0 0 0 0 224
170 23 9 5 1 2 1 3 1 2 1 2 1 1 1 1 0 0 0 0 0 0 0 0 0 0 0 0 0 0 0 0 0 224
170 9 1 1 23 1 1 1 5 3 1 1 2 2 1 2 0 0 0 0 0 0 0 0 0 0 0 0 224
171 20 5 2 1 9 3 1 1 1 2 1 3 1 2 1 0 0 0 0 0 0 0 0 0 0 0 0 0 0 0 0 0 0 0 224
170 5 21 3 2 3 9 1 1 1 2 1 2 1 1 1 0 0 0 0 0 0 0 0 0 0 0 0 0 0 0 0 0 0 0 0 224
5 169 1 5 20 2 9 1 3 1 2 1 1 1 2 1 0 0 0 0 0 0 0 0 0 0 0 0 0 0 0 0 0 0 224
170 9 3 19 2 1 2 1 2 5 1 1 1 5 1 1 0 0 0 0 0 0 0 0 224
170 22 9 2 2 1 5 1 3 1 1 1 1 2 2 1 0 0 0 0 0 0 0 224
171 19 9 1 1 5 4 2 2 3 2 1 1 1 1 1 0 0 0 0 0 0 0 0 0 0 0 0 0 0 0 0 0 0 224
169 9 2 5 3 1 1 1 20 2 1 5 2 1 1 1 0 0 0 0 0 0 0 0 224
170 3 9 4 20 5 2 1 2 1 2 1 1 1 1 1 0 0 0 0 0 0 0 0 0 0 0 0 0 0 0 0 224
170 1 19 9 3 5 2 1 2 1 1 5 1 1 1 2 0 0 0 0 0 0 0 224
169 1 9 20 5 1 3 1 2 1 1 1 2 5 2 1 0 0 0 0 0 0 0 0 0 0 0 0 0 0 0 224
170 19 5 1 5 9 1 2 1 1 1 2 1 2 1 3 0 0 0 0 0 0 0 0 0 0 0 0 0 0 224
170 22 9 5 1 1 1 2 1 2 1 3 1 1 2 2 0 0 0 0 0 0 0 0 0 0 0 0 0 0 0 0 0 0 0 0 0 0 0 0 0 224
167 2 1 3 9 26 1 5 1 1 1 1 1 2 1 2 0 0 0 0 0 0 0 0 0 0 0 0 0 0 224
169 2 24 9 5 1 1 2 3 1 1 1 1 2 1 1 0 0 0 224
169 1 24 5 3 9 1 1 2 1 1 1 1 2 2 1 0 0 0 0 0 224
170 23 9 2 5 1 2 1 1 2 1 3 1 1 1 1 0 0 0 0 0 0 0 0 0 0 0 0 0 0 224
169 9 2 24 5 1 3 2 2 1 1 1 1 1 1 1 0 0 0 0 0 0 0 0 0 0 0 0 0 0 0 0 0 0 0 0 0 224
170 23 1 5 9 2 3 2 1 1 1 2 1 1 1 1 0 0 0 0 0 0 0 0 0 0 0 0 0 0 0 0 0 0 0 0 0 0 0 0 0 0 224
169 1 24 9 2 5 3 1 1 1 1 1 1 1 2 2 0 0 0 0 0 0 0 0 0 0 0 0 0 224
169 24 5 9 1 1 1 1 3 2 1 2 2 1 1 1 0 0 0 0 0 0 0 0 0 0 0 0 0 0 0 0 0 0 0 0 0 0 0 0 224
169 2 3 24 5 1 9 1 2 1 1 1 2 1 1 1 0 0 0 0 0 0 0 0 0 0 0 0 0 0 0 224
168 1 25 2 9 5 1 2 2 1 3 1 1 1 1 1 0 0 0 0 0 0 0 0 0 0 0 0 0 0 224
168 2 25 1 1 1 1 5 9 2 2 1 1 1 3 1 0 0 0 0 0 0 0 0 0 0 0 0 0 0 0 0 0 0 224
169 2 5 24 9 2 2 1 1 1 1 3 1 1 1 1 0 0 0 0 0 0 0 0 0 0 0 0 0 224
169 24 1 9 2 1 1 5 2 1 1 3 2 1 1 1 0 0 0 0 0 0 0 0 224
169 9 5 1 2 24 2 1 3 1 1 1 1 1 1 2 0 0 0 0 0 0 0 0 0 0 0 0 0 0 0 224
169 24 9 2 5 1 1 1 1 2 2 1 3 1 1 1 0 0 0 0 0 0 0 0 0 0 0 0 0 0 0 0 0 0 0 0 0 0 0 0 0 0 0 0 0 0 224
170 2 23 2 3 1 1 1 2 9 5 1 1 1 1 1 0 0 0 0 0 0 0 0 0 0 0 0 0 0 0 0 0 0 0 0 0 0 224
170 23 2 5 9 1 3 2 1 1 1 1 1 2 1 1 0 0 0 0 0 0 0 0 0 0 0 0 0 0 0 0 0 0 0 0 0 0 224
171 22 9 1 3 1 1 1 1 2 5 2 1 2 1 1 0 0 0 0 0 0 224
166 27 9 5 1 3 1 1 2 1 1 2 1 1 1 2 0 0 0 0 0 0 0 0 0 0 0 0 0 0 0 0 224
167 26 9 5 3 2 1 1 2 1 1 1 1 2 1 1 0 0 0 0 0 0 0 0 0 0 0 0 0 0 0 0 0 0 224
167 9 26 3 1 1 2 1 5 1 1 1 1 2 2 1 0 0 0 0 0 0 0 0 0 0 0 0 0 224
169 24 2 1 5 3 2 9 1 1 1 1 1 1 2 1 0 0 0 0 0 0 0 0 0 0 0 0 0 0 0 0 0 0 0 0 0 0 0 0 0 224
1 169 5 24 9 1 3 2 1 2 1 2 1 1 1 1 0 0 0 0 0 0 0 0 0 0 0 0 0 0 0 0 0 0 0 224
3 171 22 9 2 2 2 1 1 1 1 5 1 1 1 1 0 0 0 0 0 0 0 0 0 0 0 0 0 0 0 0 0 0 0 0 0 0 0 0 0 0 0 224
169 24 2 3 1 9 1 5 1 2 2 1 1 1 1 1 0 0 0 0 224
24 169 1 5 9 2 1 1 1 1 1 1 1 2 3 2 0 0 0 0 0 0 0 0 0 0 0 0 0 0 0 0 0 0 0 0 0 0 224
166 9 27 1 1 5 2 1 1 2 1 1 1 3 1 2 0 0 0 0 0 0 0 0 0 0 0 0 224
170 23 9 2 1 5 1 1 1 3 1 1 2 1 2 1 0 0 0 0 0 0 0 0 0 0 0 0 0 0 224
169 1 1 2 24 9 1 5 1 1 1 3 1 2 2 1 0 0 0 0 0 0 0 0 0 0 0 0 0 0 224
167 26 1 3 9 1 5 1 2 1 2 1 2 1 1 1 0 0 0 0 0 0 0 0 0 0 0 0 0 0 0 0 0 0 0 0 0 0 0 0 0 0 0 224
170 23 5 9 3 1 1 1 2 1 1 1 1 2 2 1 0 0 0 0 0 0 0 0 0 0 0 0 0 0 0 0 0 0 0 0 0 224
170 9 23 1 5 1 1 1 1 2 2 1 2 1 3 1 0 0 0 0 0 0 0 0 0 0 0 0 0 0 0 0 0 0 0 0 0 0 0 224
168 3 5 9 25 1 2 2 1 2 1 1 1 1 1 1 0 0 0 0 0 0 0 0 0 0 0 0 0 0 0 0 0 0 0 0 0 0 0 0 0 0 0 0 0 0 224
170 23 5 2 9 2 1 1 1 2 1 3 1 1 1 1 0 0 0 0 0 0 0 0 0 0 0 224
168 1 25 9 1 1 5 2 3 2 2 1 1 1 1 1 0 0 0 0 0 0 0 0 0 0 0 0 0 0 0 224
168 9 1 2 1 25 1 5 1 3 2 1 1 1 1 2 0 0 0 0 0 0 0 0 0 0 0 0 0 0 0 0 0 0 0 0 224
169 24 5 9 3 1 1 2 1 1 1 1 2 2 1 1 0 0 0 0 0 0 0 0 0 0 0 0 224
169 9 24 5 3 1 2 1 1 1 1 2 1 1 2 1 0 0 0 0 0 0 0 0 0 0 0 0 0 0 0 0 0 0 0 0 0 0 0 0 0 0 0 0 0 224
169 24 9 3 2 2 5 2 1 1 1 1 1 1 1 1 0 0 0 0 0 0 0 0 0 0 0 0 0 0 0 224
168 1 25 3 9 1 2 5 2 2 1 1 1 1 1 1 0 0 0 0 0 0 0 0 0 0 0 0 0 224
170 9 23 2 1 1 2 2 1 3 5 1 1 1 1 1 0 0 0 0 0 0 0 0 0 0 0 0 0 0 0 224
171 22 9 1 5 2 1 2 1 1 1 1 3 1 1 2 0 0 0 0 0 0 0 0 0 0 0 0 0 0 0 0 0 0 0 0 0 0 0 224
170 9 1 23 1 2 1 2 5 2 1 1 1 1 3 1 0 0 0 0 0 0 0 0 0 0 0 0 0 0 0 0 0 0 224
169 24 9 1 1 3 5 1 1 1 2 2 1 1 1 2 0 0 0 0 0 0 0 0 0 0 0 0 0 0 0 224
169 24 1 1 1 9 1 3 1 5 1 2 1 2 1 2 0 0 0 0 0 0 0 0 0 0 0 0 0 0 0 0 0 0 0 0 0 0 0 0 224
169 24 2 1 5 1 9 3 1 2 1 1 1 1 1 2 0 0 0 0 0 0 0 0 0 0 0 0 224
169 24 3 9 1 1 5 1 2 1 2 1 1 1 2 1 0 0 0 0 0 0 0 0 0 0 0 0 0 0 0 0 0 0 0 0 0 0 0 0 0 0 0 0 0 0 0 0 0 224
169 24 1 9 2 3 1 1 2 5 2 1 1 1 1 1 0 0 0 0 0 0 0 0 0 0 0 0 224
167 9 26 1 2 1 2 3 1 5 1 1 1 1 2 1 0 0 0 0 0 0 0 0 0 0 0 224
169 9 2 24 2 1 5 1 3 1 2 1 1 1 1 1 0 0 0 0 0 0 224
168 25 3 2 1 9 1 1 5 2 1 1 1 1 2 1 0 0 0 0 0 0 0 0 0 0 0 0 0 0 0 0 0 0 0 0 224
170 1 23 9 1 5 2 1 1 3 1 2 1 2 1 1 0 0 0 0 0 0 0 0 0 0 0 0 0 0 0 0 0 0 224
168 25 2 9 1 5 2 1 3 1 1 1 1 1 1 2 0 0 0 0 0 0 0 0 0 0 0 0 0 0 0 0 0 224
169 9 24 3 2 5 1 1 1 2 1 1 1 1 2 1 0 0 0 0 0 0 0 0 0 0 0 0 0 0 0 224
169 24 9 1 2 5 3 2 1 1 2 1 1 1 1 1 0 0 0 0 0 0 0 0 0 0 0 0 0 0 0 0 0 0 0 0 224
169 24 9 1 1 5 3 2 1 2 1 1 1 2 1 1 0 0 0 0 0 0 0 0 0 0 0 0 0 0 0 0 0 0 0 0 0 0 224
167 26 2 1 9 5 3 1 2 1 1 1 1 2 1 1 0 0 0 0 0 0 0 0 0 0 0 0 0 0 0 0 0 0 0 0 0 0 0 0 0 0 0 224
167 26 1 1 9 1 3 2 1 5 2 1 1 2 1 1 0 0 0 0 0 0 0 0 0 0 0 0 0 0 0 0 0 0 0 0 0 0 0 0 224
168 2 25 1 9 2 5 1 1 1 1 3 2 1 1 1 0 0 0 0 0 0 0 0 0 0 0 0 0 224
168 9 25 3 1 1 1 5 2 1 1 2 2 1 1 1 0 0 0 0 0 0 0 0 0 0 0 0 0 0 0 0 0 0 0 0 0 0 0 224
170 23 9 2 2 3 1 1 1 1 5 1 2 1 1 1 0 0 0 0 0 0 0 0 0 224
168 25 9 5 1 2 3 2 1 1 1 1 1 1 2 1 0 0 0 0 0 0 0 0 0 0 0 0 0 224
169 9 24 5 3 1 1 2 1 1 2 1 1 2 1 1 0 0 0 0 0 0 0 0 0 0 0 0 0 0 0 0 0 0 0 0 224
167 26 9 5 1 2 1 2 3 1 1 1 1 2 1 1 0 0 0 0 0 0 0 0 0 0 0 0 0 0 0 0 0 0 0 0 0 0 0 0 0 224
167 26 1 1 1 1 1 3 5 2 9 1 2 1 1 2 0 0 0 0 0 0 0 0 0 0 0 0 0 0 0 0 0 0 0 0 0 224
170 23 9 5 1 1 2 1 1 1 2 3 1 1 1 2 0 0 0 0 0 0 0 0 0 0 0 224
169 24 1 5 2 9 1 1 2 2 1 3 1 1 1 1 0 0 0 0 0 0 0 0 0 0 0 0 224
168 25 5 1 2 1 1 3 1 1 9 1 1 2 2 1 0 0 0 0 0 0 0 0 0 0 0 0 0 0 0 0 0 0 0 0 0 0 0 0 0 0 0 0 0 0 0 0 0 0 0 0 0 0 224
169 3 24 1 9 2 5 1 1 1 2 1 1 1 2 1 0 0 0 0 0 0 0 224
168 25 1 9 2 2 3 5 1 1 1 1 1 2 1 1 0 0 0 0 0 0 0 0 0 224
168 25 9 5 1 1 2 1 2 3 1 2 1 1 1 1 0 0 0 0 0 0 0 0 224
170 1 23 2 9 1 1 3 2 1 1 2 1 5 1 1 0 0 0 0 0 0 0 0 0 0 0 0 0 0 0 0 0 0 0 0 0 0 0 0 0 0 0 0 0 0 0 0 0 0 0 0 0 0 0 224
169 24 1 2 9 3 5 1 1 1 1 2 1 2 1 1 0 0 0 0 224
169 9 24 1 5 1 2 1 2 2 1 1 1 3 1 1 0 0 0 0 0 0 0 0 0 0 0 0 0 0 0 0 224
169 5 24 9 2 1 1 1 1 1 1 1 1 3 2 2 0 0 0 0 0 0 0 0 0 0 0 0 0 224
169 1 24 3 1 2 1 2 9 1 2 5 1 1 1 1 0 0 0 0 0 0 0 0 0 0 0 0 0 0 0 0 0 0 0 0 0 0 0 0 0 0 224
168 25 1 5 3 9 1 1 1 2 1 1 2 2 1 1 0 0 0 0 0 0 0 0 0 0 0 0 224
169 24 1 2 5 1 9 1 3 1 1 1 2 2 1 1 0 0 0 0 0 0 0 0 0 0 0 0 0 0 0 0 0 0 0 0 0 0 0 0 0 224
168 25 9 2 2 1 1 1 2 5 1 1 3 1 1 1 0 0 0 0 0 0 0 0 0 0 0 0 0 0 0 0 0 0 0 0 224
169 24 5 9 2 1 1 3 1 1 1 1 1 1 2 2 0 0 0 0 0 0 0 0 0 0 0 0 0 0 0 0 0 0 0 224
169 9 24 2 2 3 1 5 1 1 1 2 1 1 1 1 0 0 0 0 0 0 0 0 0 0 0 0 0 0 0 0 0 0 0 0 0 0 0 0 0 0 0 0 0 0 0 0 224
169 24 5 1 1 1 2 1 3 2 9 1 2 1 1 1 0 0 0 0 0 0 0 0 0 0 0 0 0 0 0 0 0 0 0 0 0 0 0 0 0 0 0 0 224
169 24 1 1 1 2 5 2 9 3 1 1 2 1 1 1 0 0 0 0 0 0 0 0 0 0 0 0 224
169 9 1 24 5 3 2 1 2 1 1 1 1 1 2 1 0 0 0 0 0 0 0 0 0 224
9 170 2 23 2 5 1 3 1 1 1 2 1 1 1 1 0 0 0 0 0 0 0 0 0 0 0 0 0 0 0 0 224
24 169 5 9 1 1 1 2 2 1 3 2 1 1 1 1 0 0 0 0 0 0 0 0 0 0 0 0 0 0 0 0 0 0 0 0 0 0 0 0 0 0 0 0 0 0 0 224
169 24 2 1 5 9 1 1 2 1 2 1 1 1 3 1 0 0 0 0 0 0 0 0 0 0 0 224
169 1 24 1 5 9 1 2 2 3 1 1 2 1 1 1 0 0 0 0 0 0 0 0 0 0 0 0 0 0 0 0 0 0 0 0 224
170 9 23 2 1 2 1 1 1 2 5 1 1 3 1 1 0 0 0 0 0 224
171 2 1 2 22 9 5 1 3 1 1 1 1 1 1 2 0 0 0 0 0 0 0 0 0 0 0 0 0 0 0 224
170 23 1 1 5 1 2 1 9 2 2 3 1 1 1 1 0 0 0 0 0 0 0 0 0 0 0 0 0 0 0 0 224
168 2 2 25 1 9 2 1 1 3 1 1 5 1 1 1 0 0 0 0 0 0 0 0 0 0 0 0 0 0 0 0 0 0 224
169 1 2 24 5 9 2 1 1 2 1 1 1 1 1 3 0 0 0 0 0 0 0 0 0 224
171 22 9 3 1 5 2 2 1 1 1 1 1 2 1 1 0 0 0 0 0 0 0 0 0 0 0 0 0 0 0 0 0 0 0 0 0 0 0 0 0 0 224
169 1 24 5 1 3 2 9 1 1 1 1 2 1 2 1 0 0 0 0 0 0 0 0 0 0 0 0 0 0 0 0 0 0 0 0 0 0 224
170 1 5 23 9 2 1 2 3 1 1 1 1 2 1 1 0 0 0 0 0 0 0 0 0 0 0 0 0 0 0 0 0 0 0 224
169 24 2 5 2 9 1 1 3 2 1 1 1 1 1 1 0 0 0 0 0 0 0 0 0 0 0 0 0 0 0 0 0 0 0 0 0 0 0 0 0 0 0 0 224
169 24 9 3 1 2 2 5 1 1 2 1 1 1 1 1 0 0 0 0 0 0 0 0 0 0 0 224
170 23 1 3 9 5 2 1 2 1 1 1 1 2 1 1 0 0 0 0 0 0 0 0 0 0 0 0 0 0 224
169 2 24 3 1 5 1 2 9 1 1 1 1 2 1 1 0 0 0 0 0 0 0 0 0 0 0 0 0 0 0 0 0 224
168 25 2 9 1 2 1 1 5 3 1 1 1 2 1 1 0 0 0 0 0 0 0 0 0 0 0 0 0 0 0 0 0 0 0 0 0 0 224
169 2 24 9 1 2 5 1 1 1 3 1 2 1 1 1 0 0 0 0 0 0 0 0 0 0 0 0 0 0 0 224
170 23 2 2 3 1 1 2 1 1 9 5 1 1 1 1 0 0 0 0 0 0 0 0 0 0 0 0 224
24 169 1 9 5 3 1 2 2 2 1 1 1 1 1 1 0 0 0 0 0 0 0 0 0 0 0 0 0 0 0 0 0 0 224
170 23 9 1 2 2 2 1 5 3 1 1 1 1 1 1 0 0 0 0 0 0 0 0 0 0 0 0 0 0 0 0 0 0 224
168 1 25 5 3 1 9 1 1 1 2 1 2 1 2 1 0 0 0 0 0 0 0 0 0 0 0 0 0 0 0 0 0 0 0 0 0 224
166 27 3 5 1 9 2 1 2 1 1 1 2 1 1 1 0 0 0 0 0 0 0 0 0 0 0 0 0 0 0 0 0 0 0 0 0 0 0 0 0 0 224
170 23 3 9 5 2 2 1 1 1 1 2 1 1 1 1 0 0 0 0 0 224
169 24 2 5 2 9 1 1 1 3 1 1 1 1 1 2 0 0 0 0 0 0 0 0 0 0 0 0 0 224
169 5 24 1 2 9 1 1 1 3 2 1 1 2 1 1 0 0 0 0 0 0 0 0 0 0 0 0 0 0 0 0 0 0 0 0 0 224
169 24 9 1 1 1 2 1 5 1 3 1 1 2 1 2 0 0 0 0 0 0 0 0 0 0 0 0 0 0 0 0 224
170 23 5 9 2 1 2 2 1 1 1 3 1 1 1 1 0 0 0 0 0 0 0 0 0 0 0 0 0 0 0 0 0 0 0 0 0 0 0 0 224
25 168 9 1 1 2 2 2 1 5 1 1 1 3 1 1 0 0 0 0 0 0 0 0 0 0 0 0 0 0 0 0 0 0 0 0 0 0 0 0 0 0 0 0 0 224
169 9 24 5 1 1 2 1 3 1 2 1 2 1 1 1 0 0 0 0 0 0 0 0 0 0 0 0 224
170 23 5 2 1 9 1 3 1 2 1 1 1 1 2 1 0 0 0 0 0 0 0 0 0 0 0 0 0 0 0 0 0 0 0 0 0 224
169 1 3 24 2 1 9 2 5 1 1 2 1 1 1 1 0 0 0 0 0 224
169 9 24 3 1 1 1 2 1 1 1 1 5 2 1 2 0 0 0 0 0 0 0 0 0 0 0 224
169 24 1 1 1 9 5 1 1 2 3 2 1 2 1 1 0 0 0 0 0 0 0 0 0 0 0 0 0 0 0 0 0 0 0 0 0 0 0 224
169 1 24 5 3 9 2 1 1 1 2 2 1 1 1 1 0 224
168 25 9 1 2 5 1 3 1 1 2 1 1 1 1 2 0 0 0 0 0 0 0 0 0 0 0 0 0 0 0 0 0 0 0 0 224
170 23 5 1 9 1 2 2 3 1 1 1 1 1 2 1 0 0 0 0 0 0 0 0 0 0 224
169 5 9 24 1 3 2 2 1 1 1 1 1 1 1 2 0 0 0 0 0 0 0 0 0 0 0 0 0 0 0 0 0 224
168 5 25 9 1 2 3 1 2 1 1 2 1 1 1 1 0 0 0 0 0 0 0 0 0 0 0 224
1 167 26 3 9 1 1 2 1 5 2 1 1 1 1 2 0 0 0 0 0 0 0 0 0 0 0 0 0 0 0 224
169 24 9 5 1 2 1 1 3 1 2 1 1 2 1 1 0 0 0 0 0 0 0 0 0 0 0 0 0 0 0 0 0 224
169 24 5 1 2 2 9 1 1 2 1 3 1 1 1 1 0 0 0 0 0 0 0 0 0 0 0 0 0 0 0 0 0 0 0 224
169 24 9 2 2 1 5 1 1 1 1 1 1 2 3 1 0 0 0 0 0 0 0 0 0 0 0 0 0 0 0 224
169 24 9 5 2 1 2 1 1 2 1 1 3 1 1 1 0 0 0 0 0 0 0 0 0 0 0 0 0 0 0 0 224
168 1 25 3 1 9 1 1 5 1 2 1 2 1 2 1 0 0 0 0 0 0 0 0 0 0 0 0 0 0 0 0 0 0 224
169 24 2 9 1 3 1 2 5 1 1 1 2 1 1 1 0 0 0 0 0 0 0 0 0 0 0 0 0 0 0 0 0 0 0 0 0 0 0 0 224
169 2 24 9 5 2 3 1 2 1 1 1 1 1 1 1 0 0 0 0 0 0 0 0 0 0 0 0 0 0 0 0 224
168 2 9 25 3 1 2 1 5 1 2 1 1 1 1 1 0 0 0 0 0 0 0 0 0 0 0 224
170 9 1 23 1 5 1 1 1 2 1 2 1 1 2 3 0 0 0 0 0 0 0 0 0 0 0 0 0 0 0 0 0 0 0 224
169 24 9 3 2 1 5 1 1 2 1 1 2 1 1 1 0 0 0 0 0 224
169 24 3 1 2 1 1 2 1 9 5 1 1 1 1 2 0 0 0 0 0 224
170 3 23 9 5 1 2 1 1 1 1 1 1 2 2 1 0 0 0 0 0 0 0 0 0 0 0 0 0 0 0 0 0 0 0 0 0 0 0 0 0 0 224
168 25 2 9 1 3 1 2 2 5 1 1 1 1 1 1 0 0 0 0 0 0 0 0 0 0 0 0 0 0 0 0 0 0 0 0 224
169 2 9 24 3 5 2 2 1 1 1 1 1 1 1 1 0 0 0 0 0 0 0 0 0 0 0 0 0 0 0 0 0 0 0 0 0 0 0 0 0 0 224
169 24 9 5 1 1 1 2 3 1 2 1 1 2 1 1 0 0 0 0 0 0 0 0 0 224
169 24 9 1 1 5 1 2 1 1 3 2 2 1 1 1 0 0 0 0 0 0 0 0 0 0 224
167 9 26 1 5 2 1 1 2 1 3 1 2 1 1 1 0 0 0 0 0 0 0 224
170 2 23 2 3 1 5 9 1 2 1 1 1 1 1 1 0 0 0 0 0 0 0 0 0 0 0 0 0 0 0 0 0 0 0 0 0 224
169 24 9 2 1 1 2 3 1 2 1 1 5 1 1 1 0 0 0 0 0 0 0 0 0 0 0 0 0 0 224
169 1 24 1 1 9 2 1 5 1 1 1 3 2 2 1 0 0 0 0 0 0 0 0 0 0 0 0 0 224
3 168 2 25 9 5 1 1 2 1 1 2 1 1 1 1 0 0 0 0 0 0 0 0 0 0 0 0 0 0 0 0 0 0 0 0 0 0 0 0 0 0 0 224
169 24 2 2 9 5 1 1 2 1 1 1 1 1 3 1 0 0 0 0 0 0 0 0 0 0 0 0 224
167 5 1 26 1 9 3 2 1 2 1 1 1 1 2 1 0 0 0 0 0 0 0 0 0 0 0 0 0 0 0 0 0 0 224
170 23 1 9 2 3 1 5 1 2 1 1 1 2 1 1 0 0 0 0 0 0 0 0 0 0 0 0 0 0 0 224
169 24 9 5 2 1 2 2 1 1 3 1 1 1 1 1 0 0 0 0 0 0 0 0 0 0 0 0 0 0 0 0 0 0 0 0 0 0 0 0 0 0 0 224
168 25 1 2 1 5 1 1 1 2 9 1 2 1 3 1 0 0 0 0 0 0 0 0 0 0 0 0 0 0 0 0 224
169 9 24 2 5 2 1 1 3 1 1 1 1 1 1 2 0 0 0 0 0 0 0 0 0 0 0 0 0 0 0 0 0 0 0 0 0 224
169 3 2 1 24 9 1 5 1 1 2 1 1 2 1 1 0 0 0 0 0 0 0 0 0 0 0 0 0 0 0 0 0 0 224
170 9 1 23 1 1 5 2 3 1 2 2 1 1 1 1 0 0 0 0 0 0 0 0 0 0 224
167 26 5 9 2 2 1 2 1 1 1 3 1 1 1 1 0 0 0 0 0 0 0 0 0 0 0 0 0 0 224
170 23 2 9 5 1 3 1 1 2 1 2 1 1 1 1 0 0 0 0 0 0 0 0 0 0 0 0 0 0 0 0 0 224
169 24 5 1 3 2 1 1 9 1 2 1 1 2 1 1 0 0 0 0 0 0 0 0 0 0 0 0 0 0 0 0 0 0 224
169 1 24 3 2 9 1 1 5 1 2 1 1 1 2 1 0 0 224
168 9 2 25 1 1 3 1 2 1 5 1 1 2 1 1 0 0 0 0 0 0 0 0 0 0 224
170 23 5 9 1 3 1 2 1 1 1 2 2 1 1 1 0 0 0 0 0 0 0 0 0 0 0 0 0 0 0 0 0 0 0 0 0 0 224
169 24 1 1 1 2 9 5 1 1 3 1 1 2 2 1 0 0 0 0 0 0 0 0 224
170 23 1 2 1 9 3 5 1 1 2 2 1 1 1 1 0 0 0 0 0 0 0 0 0 0 0 0 0 0 0 0 0 0 0 0 0 0 0 0 0 0 0 0 0 0 0 0 0 0 0 0 224
169 24 5 1 9 1 1 1 3 2 1 2 2 1 1 1 0 0 0 0 0 0 0 0 0 224
167 26 5 1 2 2 9 1 1 3 1 1 1 2 1 1 0 0 0 0 0 224
170 9 23 3 1 2 2 5 1 1 2 1 1 1 1 1 0 0 0 0 0 0 0 0 0 0 0 0 0 0 0 0 0 0 0 0 224
169 24 1 9 1 5 3 1 2 1 1 1 1 1 2 2 0 0 0 0 0 0 0 0 0 0 0 0 0 0 0 0 0 0 0 0 0 0 0 224
169 1 24 2 1 3 2 1 9 5 1 2 1 1 1 1 0 0 0 0 0 0 0 0 0 0 0 0 0 0 0 0 0 224
168 25 2 9 1 1 5 3 1 2 1 2 1 1 1 1 0 0 0 0 0 0 0 0 0 0 0 0 0 0 0 224
170 23 1 1 9 2 2 1 2 5 3 1 1 1 1 1 0 0 0 0 0 0 0 0 0 224
166 5 27 1 2 1 9 1 1 2 1 3 1 1 1 2 0 0 0 0 0 0 0 0 224
169 24 2 9 1 1 3 5 1 1 1 2 1 2 1 1 0 0 0 0 0 0 0 0 0 0 0 0 0 224
169 3 24 1 5 1 2 2 1 9 2 1 1 1 1 1 0 0 0 0 0 0 0 0 0 0 0 0 224
169 9 24 3 1 5 1 2 1 1 2 1 1 1 2 1 0 0 0 0 0 0 0 0 0 0 0 0 0 0 0 0 0 0 0 0 0 0 0 0 224
169 24 1 1 1 2 1 2 5 9 3 1 2 1 1 1 0 0 0 0 0 0 0 0 0 0 0 0 0 0 0 224
169 9 1 24 1 1 2 3 2 5 2 1 1 1 1 1 0 0 0 0 0 0 0 0 0 0 0 0 0 0 0 0 0 0 0 0 0 0 0 0 0 0 0 0 0 0 0 0 0 224
169 24 3 1 1 2 9 1 5 1 1 1 2 2 1 1 0 0 0 0 0 0 0 0 0 0 0 0 0 0 0 0 0 0 0 0 0 0 0 0 0 0 0 224
168 1 25 9 1 5 2 1 1 1 1 3 2 1 2 1 0 0 0 0 0 0 0 0 0 0 0 0 0 0 0 0 0 0 0 0 0 0 0 0 0 0 0 0 224
169 24 2 9 1 1 5 1 1 1 2 3 2 1 1 1 0 0 0 0 0 0 0 0 0 0 0 0 0 0 0 0 0 0 0 0 0 224
169 24 1 5 9 2 1 3 1 1 1 1 2 1 1 2 0 0 0 0 0 0 0 0 0 0 0 224
167 26 9 5 3 1 2 1 2 1 1 1 1 1 1 2 0 0 0 0 0 0 0 0 0 0 0 0 224
168 1 25 9 1 2 2 3 5 1 1 1 1 2 1 1 0 0 0 0 0 0 0 0 0 0 0 0 0 0 0 0 0 0 0 0 0 0 0 224
171 9 1 22 5 1 2 1 3 1 1 1 2 2 1 1 0 0 0 0 0 0 0 0 0 0 0 0 0 0 0 0 0 0 0 0 0 0 0 0 0 0 0 0 0 0 0 224
170 23 1 1 9 2 1 5 1 3 2 1 1 2 1 1 0 0 0 0 0 0 0 0 0 0 0 0 0 0 0 0 0 0 224
169 9 3 24 1 1 5 1 1 2 1 1 2 1 2 1 0 0 0 0 0 0 0 0 0 0 0 0 0 0 0 0 224
169 24 1 9 3 2 1 1 5 2 1 1 1 2 1 1 0 0 0 0 0 0 0 0 0 0 0 0 0 0 0 224
168 25 5 1 9 1 3 2 1 2 2 1 1 1 1 1 0 0 0 0 0 0 0 0 0 0 0 0 0 0 0 0 0 0 0 0 0 0 0 0 0 0 0 0 0 224
168 1 5 25 2 1 1 2 9 1 1 1 3 1 1 2 0 0 0 0 0 0 0 0 0 0 0 0 0 0 0 0 0 224
168 25 2 1 2 9 1 5 1 1 1 3 1 2 1 1 0 0 0 0 0 0 0 0 0 0 0 0 0 0 224
169 24 2 9 1 1 2 2 1 3 1 1 1 1 5 1 0 0 0 0 0 0 224
169 1 24 9 2 1 2 3 1 1 5 1 2 1 1 1 0 0 0 0 0 0 0 0 0 0 0 0 0 0 0 0 224
169 24 5 1 9 1 2 2 3 1 1 1 1 1 2 1 0 0 0 0 0 0 0 0 0 224
23 170 1 2 9 1 5 3 2 1 2 1 1 1 1 1 0 0 0 0 0 0 0 0 0 224
170 23 1 2 3 9 5 1 2 1 1 1 1 1 2 1 0 0 0 0 0 0 0 0 0 0 0 0 0 0 0 0 224
169 24 1 9 2 1 5 3 2 2 1 1 1 1 1 1 0 0 0 0 0 0 0 0 0 0 0 0 0 0 224
169 24 3 9 1 1 5 2 1 1 1 1 1 1 2 2 0 0 0 0 0 0 0 0 0 0 0 0 0 0 0 224
169 5 1 24 9 1 1 3 1 1 1 2 2 1 1 2 0 0 0 0 0 0 0 0 0 0 0 0 0 224
169 1 9 1 24 2 3 2 1 5 1 1 1 1 2 1 0 0 0 0 0 0 0 0 0 0 0 0 0 0 0 0 0 0 0 0 0 0 0 0 0 224
169 1 2 1 24 9 1 1 1 2 1 3 1 5 1 2 0 0 0 0 0 0 0 0 0 0 0 0 0 224
169 24 1 1 9 3 5 1 2 2 1 2 1 1 1 1 0 0 0 0 0 0 0 0 0 0 0 0 0 0 0 0 0 0 0 0 0 0 0 0 224
9 171 5 22 1 2 3 2 1 1 1 1 1 1 2 1 0 0 0 0 0 0 0 0 0 0 0 0 0 0 0 0 0 0 0 0 0 0 0 0 0 0 0 0 224
169 24 5 3 9 2 1 1 1 1 1 2 1 1 1 2 0 0 0 0 0 0 0 0 0 0 0 0 224
169 24 3 9 5 1 1 2 2 1 1 1 1 1 1 2 0 0 0 0 0 0 0 0 0 0 0 0 0 0 0 0 0 0 0 0 224
168 25 9 1 2 3 1 2 1 5 2 1 1 1 1 1 0 0 0 0 0 0 0 224
169 24 1 9 5 3 1 1 1 1 2 2 1 1 2 1 0 0 0 0 0 0 0 0 0 0 0 0 0 0 0 0 224
169 24 9 3 1 1 1 2 1 1 1 2 2 1 5 1 0 0 0 0 0 0 0 0 0 0 0 0 224
170 23 2 3 9 1 1 1 5 1 2 1 2 1 1 1 0 0 0 0 0 0 0 0 0 0 0 0 0 224
169 24 1 9 1 2 1 1 5 1 1 3 1 2 1 2 0 0 0 0 0 0 0 0 0 0 0 0 0 0 0 0 0 0 0 0 0 0 0 0 0 0 0 0 0 224
169 5 24 9 1 1 1 1 1 3 2 2 1 2 1 1 0 0 0 0 0 0 0 0 0 0 0 0 0 0 0 0 0 0 0 0 0 0 0 0 0 224
169 9 24 2 1 5 1 2 1 3 1 1 1 1 2 1 0 0 0 0 0 0 0 0 0 0 0 0 0 0 0 0 0 0 224
170 3 23 1 9 5 1 1 1 2 1 1 1 1 2 2 0 0 0 0 0 0 0 0 0 0 0 0 0 0 0 0 0 0 0 0 0 0 0 224
25 168 1 5 9 1 1 2 1 1 2 1 2 1 3 1 0 0 0 0 0 0 0 0 0 0 224
167 26 1 5 2 1 2 3 1 9 1 1 1 2 1 1 0 0 0 0 0 0 0 0 0 0 0 0 0 224
169 24 1 9 2 3 5 2 1 1 1 1 2 1 1 1 0 0 0 0 0 0 0 0 224
171 9 1 22 1 2 1 5 1 1 2 3 1 1 2 1 0 0 0 0 0 0 0 0 0 0 0 0 0 0 0 0 0 0 0 0 224
170 2 23 1 9 5 1 2 1 1 1 1 2 1 3 1 0 0 0 0 0 0 0 0 0 0 0 0 224
167 26 1 2 3 5 1 9 2 1 1 1 2 1 1 1 0 0 0 0 0 0 0 0 0 0 0 0 0 0 0 0 224
168 1 25 9 1 2 3 1 2 1 5 1 1 2 1 1 0 0 0 0 0 0 0 0 0 0 0 0 0 0 0 0 0 0 0 0 0 0 0 0 0 224
170 23 5 9 1 1 3 1 2 2 1 2 1 1 1 1 0 0 0 0 0 0 0 0 0 0 0 0 0 0 0 0 0 0 0 0 0 0 224
171 9 1 22 3 1 2 1 2 1 2 1 5 1 1 1 0 0 224
169 24 9 1 1 1 5 2 2 1 1 1 1 1 2 3 0 0 0 0 0 0 0 0 0 0 0 0 224
168 2 9 25 5 2 1 3 1 2 1 1 1 1 1 1 0 0 0 0 0 0 0 0 0 0 0 0 0 0 0 0 0 0 0 0 0 0 0 0 0 224
169 24 9 3 2 1 1 2 5 1 1 1 1 1 2 1 0 0 0 0 0 0 0 0 0 0 224
169 5 24 1 2 9 2 2 3 1 1 1 1 1 1 1 0 0 0 0 0 0 0 0 224
169 24 2 9 2 1 1 2 1 1 1 5 1 3 1 1 0 0 0 0 0 0 0 0 0 0 0 0 0 0 0 0 224
2 170 23 9 5 1 1 2 1 2 1 1 3 1 1 1 0 0 0 0 0 0 0 0 0 0 0 0 0 0 0 224
171 2 22 1 1 2 9 1 2 3 1 1 5 1 1 1 0 0 0 0 0 0 0 0 0 0 0 0 224
169 1 3 9 5 24 2 2 1 1 1 1 2 1 1 1 0 0 0 0 0 0 0 0 0 0 224
172 21 9 2 1 5 1 1 3 1 2 1 2 1 1 1 0 0 0 0 0 0 0 0 0 0 0 0 0 0 0 0 224
169 24 5 9 1 1 3 2 2 1 2 1 1 1 1 1 0 0 0 0 0 0 0 0 0 0 0 0 0 0 0 0 0 224
169 24 3 9 2 5 1 1 1 1 1 1 1 2 1 2 0 0 0 0 0 0 0 0 0 0 0 0 0 0 0 0 0 0 0 0 0 0 224
169 24 1 9 2 1 1 5 1 2 1 1 3 2 1 1 0 0 0 0 0 224
170 23 9 1 2 1 5 3 1 2 1 2 1 1 1 1 0 0 0 0 0 0 0 0 0 0 0 0 0 0 0 0 0 0 224
171 22 1 2 9 2 2 1 1 5 3 1 1 1 1 1 0 0 0 0 0 0 0 0 0 0 224
169 1 24 9 5 2 3 1 2 1 1 1 1 2 1 1 0 0 0 0 0 0 0 0 0 0 0 0 0 0 224
169 24 9 1 2 1 3 1 5 2 1 2 1 1 1 1 0 0 0 0 0 0 0 0 0 0 0 224
170 2 23 3 1 1 1 1 5 1 1 9 2 1 2 1 0 0 0 0 0 0 0 0 0 0 0 224
170 23 1 1 1 1 3 1 9 1 2 2 2 1 5 1 0 0 0 0 0 0 0 0 0 0 0 0 0 0 0 0 0 0 0 224
169 24 1 1 2 1 1 9 5 2 1 2 1 1 3 1 0 0 0 0 0 0 0 0 0 0 0 0 0 0 0 0 0 0 0 0 0 0 0 0 0 224
169 9 5 1 24 1 1 2 2 1 1 3 1 2 1 1 0 0 0 0 0 0 0 0 0 0 0 0 0 0 0 0 224
168 25 9 3 2 1 2 5 1 1 1 2 1 1 1 1 0 0 0 0 0 0 0 0 0 0 0 0 0 0 0 0 0 0 0 224
169 3 9 1 24 2 1 2 2 1 1 5 1 1 1 1 0 0 0 0 0 0 0 0 0 0 0 0 0 0 0 224
170 23 9 5 1 1 1 1 2 3 1 2 1 1 1 2 0 0 224
169 1 24 9 2 5 2 3 2 1 1 1 1 1 1 1 0 0 0 0 0 0 0 0 0 0 0 0 0 0 0 0 224
168 1 25 5 9 1 3 1 2 1 1 1 2 2 1 1 0 0 0 0 0 0 224
23 170 9 3 1 1 1 1 1 2 5 1 1 1 2 2 0 0 0 0 0 0 0 0 0 0 0 0 0 224
169 24 2 5 1 3 9 1 2 1 1 1 2 1 1 1 0 0 0 0 0 0 0 0 0 0 0 0 0 0 0 0 0 0 0 224
168 25 9 1 5 2 2 2 1 1 3 1 1 1 1 1 0 0 0 0 0 0 0 224
168 25 2 1 2 9 1 1 1 2 3 5 1 1 1 1 0 0 0 0 0 0 0 0 0 0 0 0 0 0 224
170 9 23 5 3 1 1 1 2 1 2 1 1 1 2 1 0 0 0 0 0 0 0 0 0 0 0 0 0 0 0 0 0 0 0 0 0 0 0 0 0 224
169 2 24 1 9 1 1 2 5 3 1 2 1 1 1 1 0 0 0 0 0 0 0 0 0 0 0 0 0 0 0 0 0 0 0 0 0 0 0 224
169 24 5 1 9 1 2 1 1 1 2 1 1 3 2 1 0 0 0 0 0 0 0 0 0 0 0 0 0 0 0 0 0 0 224
169 24 5 9 1 1 1 2 2 1 1 1 2 1 3 1 0 0 0 0 0 0 0 0 0 0 0 0 0 0 0 224
170 9 23 2 5 3 1 2 2 1 1 1 1 1 1 1 0 0 0 0 0 0 0 0 0 0 0 0 0 0 0 0 0 0 224
169 24 9 2 2 1 5 1 1 2 1 3 1 1 1 1 0 0 0 0 0 0 0 0 0 0 0 0 0 0 0 0 0 0 224
169 9 1 24 3 2 1 1 2 2 1 5 1 1 1 1 0 0 0 0 0 0 0 0 0 0 0 0 0 0 0 0 0 0 0 0 0 224
170 2 23 1 9 5 1 3 2 1 2 1 1 1 1 1 0 0 0 0 0 0 0 0 0 0 0 0 0 0 0 0 0 0 224
169 24 2 1 3 5 1 9 1 2 1 1 1 1 2 1 0 0 0 0 0 0 0 0 0 0 0 0 0 0 0 224
167 26 9 1 5 1 1 1 1 2 2 2 1 3 1 1 0 0 0 0 0 0 0 0 0 0 0 0 0 0 224
169 1 9 24 1 3 1 2 2 2 1 1 1 5 1 1 0 0 0 0 0 0 0 0 0 0 0 0 0 0 0 0 0 0 0 0 224
168 25 9 1 3 1 1 1 2 1 2 5 1 1 2 1 0 0 0 0 0 0 0 0 0 0 0 0 0 0 0 0 0 0 224
169 3 1 1 24 1 5 2 9 2 1 1 1 2 1 1 0 0 0 0 0 0 0 0 0 0 0 0 0 224
168 9 25 1 1 1 2 1 2 2 3 5 1 1 1 1 0 0 0 0 0 0 0 0 0 0 0 0 0 224
169 24 5 2 9 1 1 2 3 2 1 1 1 1 1 1 0 0 0 0 0 0 0 0 0 0 0 0 0 0 0 0 0 0 0 0 0 0 224
169 5 24 1 2 1 1 9 1 3 2 1 1 1 2 1 0 0 0 0 0 0 0 0 0 0 0 0 0 0 0 0 0 0 0 0 0 0 0 0 0 224
169 24 3 9 1 1 2 5 1 1 2 1 1 1 1 2 0 0 0 0 0 0 0 0 0 0 0 0 0 0 0 0 0 0 0 0 0 0 0 0 0 0 0 0 0 0 0 0 0 0 224
169 5 1 24 2 9 1 1 1 2 3 2 1 1 1 1 0 0 0 0 0 0 0 0 0 0 0 0 0 0 0 0 0 0 0 0 0 224
169 3 24 1 9 5 2 2 1 2 1 1 1 1 1 1 0 0 0 0 0 0 0 0 0 0 0 0 0 0 0 0 0 0 0 0 0 0 0 224
169 24 2 5 9 1 1 2 1 1 2 1 1 3 1 1 0 0 0 0 0 0 0 0 0 0 0 0 0 0 0 0 0 0 0 0 0 0 0 0 0 0 0 0 0 0 0 0 0 0 0 224
166 27 5 9 2 1 1 2 1 1 1 1 1 3 2 1 0 0 0 0 0 0 0 0 0 0 0 0 0 0 0 0 0 0 0 0 0 0 0 0 0 0 0 0 0 0 0 0 0 0 0 0 0 224
170 23 3 1 2 9 1 5 1 1 1 1 1 2 2 1 0 0 0 0 0 0 0 0 0 0 0 0 0 0 0 0 0 0 0 224
169 1 1 24 9 3 5 2 1 1 2 1 1 2 1 1 0 0 0 0 0 0 0 0 0 0 0 0 224
169 1 24 9 1 5 1 3 1 2 2 1 1 1 2 1 0 0 0 0 0 0 0 0 0 0 0 0 0 0 0 0 0 0 0 0 0 0 0 0 0 0 0 0 0 0 0 0 0 0 224
169 3 24 1 2 1 9 2 5 2 1 1 1 1 1 1 0 0 0 0 0 0 0 0 0 0 0 0 0 0 0 0 224
169 24 1 2 9 1 5 1 1 1 2 1 1 1 3 2 0 0 0 0 0 0 0 0 0 0 0 0 0 224
170 1 9 23 5 1 2 1 1 1 1 2 3 1 1 2 0 0 0 0 0 0 0 0 0 0 0 0 0 224
169 24 1 1 2 5 1 9 1 3 1 2 1 1 2 1 0 0 0 0 0 0 0 0 0 0 0 0 0 0 0 0 0 0 0 0 0 0 0 0 0 0 0 0 0 0 0 224
169 9 24 1 1 1 5 1 1 3 1 2 2 1 2 1 0 0 0 0 0 0 0 0 0 0 0 224
1 170 2 9 5 23 3 1 1 1 1 1 1 2 1 2 0 0 0 0 0 0 0 0 0 0 0 0 0 0 0 0 0 0 224
169 9 5 2 24 3 1 1 1 1 1 2 1 2 1 1 0 0 0 0 0 0 0 0 0 0 0 0 0 0 0 0 0 0 0 0 0 0 0 0 0 0 0 0 224
170 23 9 1 2 5 3 1 2 2 1 1 1 1 1 1 0 0 0 0 0 0 0 0 0 0 0 0 0 0 0 0 0 0 0 0 0 0 0 0 224
169 5 1 24 1 1 2 1 9 1 1 3 1 2 2 1 0 0 0 0 0 0 0 0 0 0 0 0 0 0 0 0 0 0 224
169 24 9 1 1 5 1 2 2 1 2 1 3 1 1 1 0 0 0 0 0 0 0 0 0 0 0 0 0 0 0 224
168 25 2 9 2 1 5 1 2 1 1 1 3 1 1 1 0 0 0 0 0 0 0 0 0 0 0 0 0 0 0 0 0 0 224
169 9 24 2 5 1 1 3 2 1 1 1 1 1 1 2 0 0 0 0 0 0 0 0 0 0 0 0 0 0 0 0 0 0 0 0 0 0 0 224
169 24 2 2 5 2 9 1 1 1 1 1 1 1 3 1 0 0 0 0 0 0 0 0 0 224
168 25 1 9 5 3 1 1 2 2 2 1 1 1 1 1 0 0 0 0 0 0 0 0 0 0 0 0 0 0 0 0 0 0 0 0 0 0 0 0 0 0 0 0 0 0 0 0 0 0 224
168 1 25 3 2 1 5 9 1 2 1 1 1 1 2 1 0 0 0 0 0 0 0 0 0 0 0 0 0 0 0 0 0 0 0 0 0 0 0 0 0 0 224
170 23 2 5 2 1 3 1 1 9 1 2 1 1 1 1 0 0 0 0 0 0 0 0 0 0 0 0 0 0 0 0 0 0 0 0 0 0 0 0 0 0 0 0 0 0 0 224
168 25 5 9 1 1 2 1 2 1 1 1 2 3 1 1 0 0 0 0 0 0 0 0 0 0 0 0 0 0 0 0 0 0 0 224
169 1 24 9 2 1 1 1 1 5 1 3 2 1 2 1 0 0 0 0 0 0 0 0 0 0 0 0 0 0 0 0 0 0 0 0 0 0 0 0 0 0 0 224
169 24 5 9 1 2 3 1 1 1 2 1 2 1 1 1 0 0 0 0 0 0 0 0 0 0 0 0 0 0 0 0 0 0 0 0 0 0 224
169 24 1 1 9 5 1 1 2 1 2 3 1 1 2 1 0 0 0 0 0 0 0 0 0 0 0 0 0 0 0 0 224
23 170 1 2 5 9 1 1 3 2 1 1 1 1 2 1 0 0 0 0 0 0 0 0 0 0 0 0 224
172 21 9 5 2 3 1 2 1 1 1 1 1 2 1 1 0 0 0 0 0 0 0 0 0 0 0 0 0 224
169 24 1 1 1 9 1 2 5 1 2 3 1 1 2 1 0 0 0 0 0 0 0 0 0 0 0 0 0 0 0 224
168 25 9 2 2 2 5 1 1 3 1 1 1 1 1 1 0 0 0 0 0 0 0 0 0 0 224
168 25 1 9 1 1 2 5 1 3 2 2 1 1 1 1 0 0 0 0 0 224
169 24 2 1 3 9 2 1 2 1 5 1 1 1 1 1 0 0 0 0 0 0 0 0 0 0 0 0 0 0 0 0 0 0 0 0 224
169 24 1 5 9 1 3 2 2 1 1 1 1 2 1 1 0 0 0 0 0 0 0 0 0 0 0 0 0 0 0 0 0 0 0 0 0 0 0 0 0 0 0 0 0 0 224
1 170 23 5 3 1 9 1 1 1 1 1 2 1 2 2 0 0 0 0 0 0 0 0 0 0 0 0 0 0 0 0 0 0 0 0 0 0 224
168 25 9 1 3 5 1 2 2 1 1 1 1 2 1 1 0 0 0 0 0 0 0 0 0 0 0 0 0 0 0 0 0 0 0 0 0 224
169 9 2 24 1 3 1 1 2 1 1 5 1 1 2 1 0 0 0 0 0 0 0 0 0 0 0 0 0 0 0 0 0 0 0 0 0 0 0 0 224
166 27 9 5 1 1 1 2 1 3 1 1 1 2 1 2 0 0 0 0 0 0 0 0 0 0 0 0 0 0 0 0 0 224
169 24 9 3 1 5 1 1 1 2 2 2 1 1 1 1 0 0 0 0 0 0 0 0 0 0 0 0 0 224
171 22 2 3 9 2 1 1 1 5 2 1 1 1 1 1 0 0 0 0 0 0 0 0 0 0 0 0 0 0 0 0 224
170 23 1 1 2 1 5 2 9 1 3 1 1 2 1 1 0 0 0 0 0 0 0 0 0 0 0 0 0 0 0 0 0 0 0 0 0 224
169 24 1 5 9 1 2 1 1 3 2 1 2 1 1 1 0 0 0 0 0 0 0 224
169 1 3 9 24 1 1 1 1 1 2 5 1 2 2 1 0 0 0 0 0 0 0 0 0 0 0 0 224
169 24 2 2 1 3 1 1 5 9 2 1 1 1 1 1 0 0 0 0 0 0 0 0 0 0 0 0 0 0 0 0 0 0 0 0 0 0 0 0 0 0 0 0 0 0 0 0 0 0 0 0 0 0 0 0 0 0 0 0 224
168 25 1 2 9 1 2 3 1 1 1 2 1 5 1 1 0 0 0 0 0 0 0 0 0 0 0 0 0 0 0 0 0 0 0 0 224
168 2 25 9 2 5 1 3 2 1 1 1 1 1 1 1 0 0 0 0 0 0 0 0 0 0 0 0 0 0 224
170 9 1 23 1 1 5 2 1 3 2 2 1 1 1 1 0 0 0 0 0 0 0 0 0 0 0 0 0 0 224
170 23 1 2 9 1 5 3 1 1 1 2 1 2 1 1 0 0 0 0 0 0 0 0 0 0 0 0 224
170 23 9 2 2 3 2 5 1 1 1 1 1 1 1 1 0 0 0 0 0 0 0 0 0 0 0 224
167 26 1 5 1 2 9 1 2 3 1 2 1 1 1 1 0 0 0 0 0 0 0 0 0 0 0 0 0 0 0 0 0 0 0 0 0 0 0 224
168 9 1 25 1 5 1 2 3 1 2 1 1 1 1 2 0 0 0 0 0 0 0 224
167 26 9 1 2 1 5 1 2 3 2 1 1 1 1 1 0 0 0 0 0 0 0 0 0 224
169 24 9 5 2 1 2 1 1 3 1 1 1 1 2 1 0 0 0 0 0 0 0 0 0 0 224
169 9 1 24 1 3 5 1 1 2 1 2 1 1 2 1 0 0 0 0 0 0 0 0 0 0 0 0 0 0 0 0 0 0 0 0 0 0 0 0 0 0 0 0 0 0 0 224
169 9 2 24 1 3 2 5 2 1 1 1 1 1 1 1 0 0 0 0 0 0 0 0 0 0 0 0 0 0 0 0 0 0 224
169 1 24 9 2 2 1 1 3 1 5 2 1 1 1 1 0 0 0 0 0 0 0 0 0 0 0 0 0 224
170 9 23 2 1 5 1 3 1 1 1 1 1 1 2 2 0 0 0 0 0 0 0 0 0 0 224
170 2 9 1 23 3 5 1 2 1 1 1 2 1 1 1 0 0 0 0 0 0 0 0 0 0 224
169 24 9 5 1 1 2 2 1 1 3 1 1 1 2 1 0 0 0 0 0 0 0 0 224
169 9 24 5 3 1 2 1 2 1 1 1 1 1 1 2 0 0 0 0 0 0 0 0 0 0 0 0 0 0 0 0 0 0 0 0 0 0 224
169 5 24 9 3 1 1 2 1 2 1 1 2 1 1 1 0 0 0 0 0 0 0 0 0 0 0 0 224
170 23 9 3 1 1 1 1 2 5 1 1 1 1 2 2 0 0 0 0 0 0 0 0 0 0 0 0 0 0 0 0 0 0 0 0 0 0 0 0 0 0 0 224
3 170 9 23 1 1 1 2 1 1 1 5 2 2 1 1 0 0 0 0 0 0 0 0 224
1 169 24 1 9 2 1 1 2 3 1 5 1 2 1 1 0 0 0 0 0 0 0 0 0 0 0 0 0 0 0 224
169 5 2 24 1 9 1 1 2 3 1 1 1 2 1 1 0 0 0 224
170 9 23 1 2 1 1 3 1 2 1 1 5 1 1 2 0 0 0 0 0 0 0 0 0 0 0 0 0 0 0 0 0 0 0 0 0 0 0 0 0 0 0 0 0 224
168 2 9 25 1 3 1 5 1 1 1 1 2 1 2 1 0 0 0 0 0 0 0 0 0 0 0 0 0 0 0 0 0 224
169 1 24 2 9 1 1 1 1 2 1 3 2 1 1 5 0 0 0 0 0 0 0 0 0 0 0 0 0 0 0 0 0 0 0 0 0 0 0 0 0 224
169 24 9 1 1 1 5 2 1 1 2 2 1 1 3 1 0 0 0 0 0 0 0 0 0 0 0 0 0 0 224
170 9 3 23 2 1 1 1 1 5 2 1 2 1 1 1 0 0 0 0 0 0 0 0 0 0 0 224
169 9 24 2 1 5 1 1 3 1 1 1 2 2 1 1 0 0 0 0 0 0 0 0 0 0 0 0 0 0 0 0 0 0 0 0 0 0 0 0 0 0 0 0 0 0 0 224
170 23 2 1 9 1 2 1 1 5 1 1 3 1 2 1 0 0 0 0 0 0 0 0 0 0 0 0 0 0 0 0 0 0 0 0 0 0 0 0 0 0 0 0 0 0 0 0 0 0 224
169 24 5 3 1 2 9 1 2 2 1 1 1 1 1 1 0 0 0 0 0 0 0 0 0 0 0 0 0 0 0 0 0 0 0 0 224
170 23 2 1 9 5 1 2 2 1 1 1 1 1 3 1 0 0 0 0 0 0 0 0 0 0 0 0 0 0 0 0 0 0 0 0 0 0 0 0 0 0 0 224
168 5 9 25 1 3 1 1 2 2 1 1 1 1 1 2 0 0 0 0 0 0 0 0 0 0 0 224
169 5 24 3 2 1 9 1 1 2 1 2 1 1 1 1 0 0 0 0 0 0 0 0 0 224
168 25 5 1 1 9 1 2 2 1 2 1 3 1 1 1 0 0 0 0 0 0 0 0 0 0 0 0 0 0 0 224
169 5 9 1 24 1 1 1 1 1 2 2 3 2 1 1 0 0 0 0 0 0 0 0 0 0 0 0 0 0 0 0 0 224
170 23 9 1 1 5 2 1 1 2 2 1 1 1 3 1 0 0 0 0 0 0 224
169 1 24 9 2 2 1 1 1 3 5 1 1 1 2 1 0 0 0 0 0 0 0 0 0 0 0 0 224
167 2 26 1 5 9 2 1 1 1 1 1 2 3 1 1 0 0 0 0 0 0 224
169 24 9 2 2 1 1 1 1 3 5 1 1 1 2 1 0 0 0 0 0 0 0 0 0 0 0 0 0 0 0 0 0 0 0 0 0 0 0 0 0 0 0 0 0 0 0 0 0 0 0 0 0 0 0 224
169 2 24 3 1 1 5 9 2 1 1 2 1 1 1 1 0 0 0 0 0 0 0 0 0 0 0 0 0 224
168 25 1 1 5 3 9 1 2 2 1 1 1 1 2 1 0 0 0 0 0 0 0 0 0 0 0 0 0 0 0 0 0 0 0 0 0 0 0 0 0 0 0 0 0 0 0 0 0 0 0 224
168 9 25 2 5 1 2 2 3 1 1 1 1 1 1 1 0 0 0 0 0 0 0 0 0 0 0 0 0 0 0 0 0 0 0 224
1 169 5 9 2 1 24 2 1 2 3 1 1 1 1 1 0 0 0 0 0 0 0 0 0 0 224
168 25 9 1 1 3 5 1 1 1 1 2 1 1 2 2 0 0 0 0 0 0 0 0 0 224
170 23 5 1 2 9 1 1 3 2 1 1 1 2 1 1 0 0 0 0 0 0 0 0 0 0 0 0 0 0 0 224
168 25 1 2 9 3 2 1 1 1 5 1 1 1 1 2 0 0 0 0 0 0 0 0 0 0 224
169 24 1 1 9 2 1 1 3 1 5 2 2 1 1 1 0 0 0 0 0 0 0 0 0 0 0 0 0 224
170 1 23 1 5 1 9 3 2 1 1 2 1 2 1 1 0 0 0 0 0 0 0 0 0 0 0 0 0 0 0 0 0 0 224
169 24 9 3 1 2 1 1 1 2 1 2 5 1 1 1 0 0 0 0 0 0 0 0 0 0 0 0 0 0 0 0 0 0 0 224
168 1 25 1 5 2 1 3 2 9 1 1 1 2 1 1 0 0 0 0 0 0 0 0 0 0 0 0 0 0 0 0 0 0 0 0 224
169 2 5 24 1 1 9 3 2 1 1 1 1 1 2 1 0 0 0 0 0 0 0 0 0 0 0 0 0 0 0 0 0 0 0 0 0 0 0 224
170 23 9 3 1 2 2 1 1 1 1 5 2 1 1 1 0 0 0 0 0 0 0 0 0 0 224
170 1 23 2 2 9 1 3 5 2 1 1 1 1 1 1 0 0 0 0 0 0 0 0 0 0 0 0 0 0 0 224
168 3 1 25 5 1 9 2 1 2 1 1 2 1 1 1 0 0 0 0 0 0 0 0 0 0 0 0 0 0 0 0 0 0 224
170 1 23 9 1 2 2 1 1 1 3 1 2 5 1 1 0 0 0 0 0 0 0 0 0 0 0 0 0 0 0 0 0 0 0 224
168 25 5 9 1 1 2 1 2 2 3 1 1 1 1 1 0 0 0 0 0 0 0 0 0 0 0 0 0 0 0 224
169 9 24 1 1 1 1 3 2 2 1 1 1 5 1 2 0 0 0 0 0 0 0 0 0 0 0 0 224
167 1 26 2 9 2 1 2 3 1 1 1 1 1 1 5 0 0 0 0 0 0 0 0 0 0 0 0 0 0 0 0 0 0 0 0 0 0 224
170 23 9 1 5 1 3 1 1 2 1 2 2 1 1 1 0 0 0 0 0 0 0 0 0 0 0 0 0 0 0 0 0 0 0 0 224
170 5 23 2 2 1 9 1 2 1 1 1 3 1 1 1 0 0 0 0 0 0 0 0 0 0 0 0 0 0 0 0 0 0 0 224
167 2 26 1 9 2 1 1 5 2 3 1 1 1 1 1 0 0 0 0 0 0 0 0 0 0 0 224
168 5 25 2 9 2 3 1 1 2 1 1 1 1 1 1 0 0 0 0 0 0 0 0 0 0 0 0 0 0 0 0 0 0 224
169 24 9 1 1 1 1 3 2 5 1 2 1 1 1 2 0 0 0 0 0 0 0 0 0 0 0 224
169 24 5 2 9 1 1 1 1 1 2 1 2 3 1 1 0 0 0 0 0 0 0 0 0 0 0 0 0 0 224
170 2 9 23 2 1 5 3 1 1 1 1 2 1 1 1 0 0 0 0 0 0 0 0 0 0 0 0 0 0 0 0 0 0 0 0 0 224
169 24 9 2 5 1 2 1 1 3 1 2 1 1 1 1 0 0 0 0 0 0 0 0 0 0 0 0 0 0 0 224
168 9 2 1 25 1 5 1 1 3 1 2 1 2 1 1 0 0 0 0 0 0 0 0 0 0 0 0 224
169 24 5 9 3 2 1 1 1 1 1 2 1 2 1 1 0 0 0 0 0 0 0 0 0 0 0 0 0 0 0 0 0 0 0 0 0 0 0 0 0 0 0 224
170 9 1 5 23 1 2 1 2 2 3 1 1 1 1 1 0 0 0 0 0 0 0 0 0 0 0 0 0 0 0 224
169 1 2 9 2 5 24 1 1 2 1 3 1 1 1 1 0 0 0 0 0 0 0 0 0 0 0 0 0 0 0 0 224
170 2 23 9 1 5 1 3 1 1 2 1 2 1 1 1 0 0 0 0 0 0 0 0 0 0 0 0 0 224
170 3 23 5 9 1 1 1 1 2 2 2 1 1 1 1 0 0 0 0 0 0 0 0 0 0 0 0 0 0 0 0 0 224
169 9 24 3 5 2 2 2 1 1 1 1 1 1 1 1 0 0 0 0 0 0 0 0 0 0 0 0 224
169 24 9 1 5 1 1 2 1 1 2 3 2 1 1 1 0 0 0 0 0 0 0 0 0 0 0 0 0 0 0 0 224
167 26 5 1 9 1 3 2 1 2 1 1 1 1 2 1 0 0 0 0 0 0 224
169 24 1 9 1 1 2 5 3 2 1 1 1 1 1 2 0 0 0 0 0 0 0 0 0 0 0 224
170 23 9 5 1 1 3 2 2 2 1 1 1 1 1 1 0 0 0 0 0 0 0 0 0 0 0 0 0 0 0 0 0 0 0 0 224
170 23 2 9 3 1 1 1 1 1 5 2 1 2 1 1 0 0 0 0 0 0 0 0 0 0 0 0 0 0 0 0 0 224
170 2 23 9 1 5 1 3 2 1 1 1 1 1 2 1 0 0 0 0 0 0 0 0 0 0 0 0 0 0 0 0 0 0 0 0 0 0 0 224
168 25 5 1 2 9 1 2 1 2 3 1 1 1 1 1 0 0 0 0 0 0 0 0 0 224
171 22 1 5 3 1 9 2 2 1 1 1 2 1 1 1 0 0 0 0 0 0 0 0 0 0 0 0 0 0 0 0 0 0 224
168 25 1 1 1 2 1 9 5 3 2 1 1 1 2 1 0 0 0 0 0 0 0 0 0 0 0 0 0 0 0 0 0 0 0 224
168 25 2 9 3 2 1 5 1 2 1 1 1 1 1 1 0 0 0 0 0 0 0 0 0 0 0 0 0 224
172 2 1 21 9 2 5 1 1 1 1 2 3 1 1 1 0 0 0 0 0 0 0 0 0 0 0 0 0 224
168 5 25 3 1 2 9 1 2 1 1 1 1 1 1 2 0 0 0 0 0 0 0 0 0 0 0 0 0 0 0 0 0 0 224
169 24 9 1 2 1 2 1 5 1 1 1 2 1 3 1 0 0 0 0 0 0 0 0 0 224
169 24 5 2 1 2 9 3 1 2 1 1 1 1 1 1 0 0 0 0 0 0 0 0 0 0 0 0 0 224
170 23 1 9 3 2 2 1 1 2 1 5 1 1 1 1 0 0 0 0 0 0 0 0 224
169 9 2 24 2 1 2 1 5 1 3 1 1 1 1 1 0 0 0 0 0 0 0 0 0 0 0 0 0 0 224
169 24 2 1 1 1 9 3 1 1 5 2 1 1 1 2 0 0 0 0 0 0 0 0 0 0 0 0 0 224
169 24 2 1 9 2 1 5 3 1 1 2 1 1 1 1 0 0 0 0 0 0 0 0 224
169 1 24 9 1 2 1 1 5 2 1 3 1 2 1 1 0 0 0 0 0 0 0 0 0 0 0 0 0 0 0 0 224
170 23 2 1 1 2 9 1 1 5 1 2 1 3 1 1 0 0 0 0 0 0 0 0 0 0 0 0 0 0 0 0 0 224
168 1 1 25 1 2 9 5 2 1 3 1 1 1 1 2 0 0 0 0 0 0 0 0 0 0 0 0 224
169 24 9 5 1 1 2 1 3 2 2 1 1 1 1 1 0 0 0 0 0 0 0 0 0 0 0 0 0 0 224
169 24 1 9 3 1 5 1 2 2 2 1 1 1 1 1 0 0 0 0 0 0 0 0 0 224
169 24 5 1 9 1 1 3 2 1 1 2 1 1 1 2 0 0 0 0 224
169 9 1 24 1 1 3 2 1 5 2 1 1 2 1 1 0 0 0 0 0 0 0 0 0 0 0 0 0 224
1 169 24 9 2 3 1 1 5 1 1 2 1 2 1 1 0 0 0 0 0 0 0 0 0 0 0 0 0 224
169 1 24 9 2 1 1 1 5 1 1 1 3 1 2 2 0 0 0 0 0 0 0 0 0 0 0 0 0 0 0 224
169 9 24 2 3 2 1 5 1 1 1 2 1 1 1 1 0 0 0 0 0 0 0 0 0 0 0 0 0 0 0 0 0 0 224
168 25 9 2 1 3 5 1 1 1 1 2 2 1 1 1 0 0 0 0 0 0 0 0 0 0 0 224
169 24 9 1 5 1 2 1 3 2 2 1 1 1 1 1 0 0 0 0 0 0 0 0 0 0 0 0 0 0 0 0 0 0 0 0 0 0 0 0 0 0 0 0 224
168 25 5 1 1 9 1 1 2 1 3 1 2 2 1 1 0 0 0 0 0 0 0 0 0 0 0 224
168 1 9 2 25 3 1 1 1 2 1 1 5 1 1 2 0 0 0 0 0 0 0 0 0 0 0 0 0 0 0 0 0 0 0 0 0 0 224
168 25 9 3 1 5 1 1 1 1 2 1 2 2 1 1 0 0 0 0 0 0 0 0 0 0 0 0 0 224
171 3 1 22 9 2 1 1 5 1 1 1 2 2 1 1 0 0 0 0 0 0 0 0 0 0 0 0 0 0 0 0 0 0 0 0 224
168 25 5 2 3 9 1 1 1 2 1 1 1 1 2 1 0 0 0 0 0 0 0 0 0 0 0 0 0 0 0 0 224
168 1 25 5 3 9 1 2 1 1 1 1 2 1 1 2 0 0 0 0 0 0 0 0 0 0 0 0 0 0 0 0 0 0 0 0 0 0 0 0 0 0 0 0 0 0 0 0 224
168 2 9 25 2 5 3 1 2 1 1 1 1 1 1 1 0 0 0 0 0 0 0 0 0 0 0 0 0 0 0 0 0 0 0 0 0 0 0 0 0 0 0 0 0 0 0 0 0 0 0 0 0 0 0 0 0 0 224
170 9 23 2 2 2 5 1 1 1 3 1 1 1 1 1 0 0 0 0 0 0 0 0 0 0 0 0 0 0 0 0 0 0 0 0 0 0 0 0 224
170 23 5 9 1 1 1 2 3 2 1 1 2 1 1 1 0 0 0 0 0 0 0 0 0 0 0 0 0 0 224
169 5 24 2 1 3 1 9 1 1 1 2 1 1 1 2 0 0 0 0 0 0 224
168 25 5 9 1 1 1 1 3 1 2 2 1 2 1 1 0 0 0 0 0 0 0 0 0 0 0 224
171 22 3 9 1 1 1 5 2 1 2 1 1 2 1 1 0 0 0 0 0 0 0 0 0 0 0 0 0 0 0 0 0 0 0 0 0 0 0 0 0 0 0 0 0 0 0 0 224
169 24 5 1 2 1 9 1 2 2 1 3 1 1 1 1 0 0 0 0 0 0 0 0 0 0 0 0 0 0 0 0 224
169 9 24 1 1 3 5 1 2 1 1 2 2 1 1 1 0 0 0 0 0 0 0 0 0 0 0 0 0 0 0 0 0 0 224
169 24 1 9 1 2 1 5 1 2 2 3 1 1 1 1 0 0 0 0 0 0 0 0 0 0 224
168 1 1 25 2 5 3 9 2 1 1 2 1 1 1 1 0 0 0 0 0 0 0 0 0 224
169 24 9 2 5 3 1 1 1 2 1 1 1 2 1 1 0 0 0 0 0 0 0 0 0 0 0 0 0 0 0 0 0 0 0 0 0 0 0 0 0 0 0 0 0 0 0 0 0 0 0 0 224
169 24 1 1 2 9 1 5 1 1 3 2 2 1 1 1 0 0 0 0 0 0 0 0 0 0 0 0 0 0 0 0 0 0 0 0 224
169 24 5 9 1 2 1 1 2 2 3 1 1 1 1 1 0 0 0 0 0 0 0 0 0 0 0 0 224
170 1 23 3 9 1 2 1 1 1 1 5 2 2 1 1 0 0 0 0 0 0 0 0 0 0 0 0 0 0 224
23 170 9 3 1 5 2 1 2 1 1 2 1 1 1 1 0 0 0 0 0 0 0 0 0 224
169 9 24 5 3 1 1 1 1 2 1 2 2 1 1 1 0 0 0 0 0 0 0 0 0 0 0 0 0 224
170 23 2 1 9 1 1 3 1 1 2 1 1 1 5 2 0 0 0 0 0 0 0 0 224
169 24 1 9 2 1 3 1 5 2 1 1 1 1 1 2 0 0 0 0 0 0 0 0 0 0 0 0 0 0 0 0 0 0 0 0 0 0 0 0 0 0 0 224
168 25 1 5 1 9 2 2 1 3 1 2 1 1 1 1 0 0 0 0 0 0 0 0 0 224
169 24 9 5 1 3 1 1 1 2 1 1 2 2 1 1 0 0 0 0 0 0 0 0 0 0 0 224
169 1 24 3 1 9 1 2 1 5 2 1 1 1 2 1 0 0 0 0 0 0 0 0 0 0 0 0 0 0 0 0 0 0 0 0 0 0 0 0 224
168 25 3 1 1 1 9 5 1 2 2 2 1 1 1 1 0 0 0 0 0 0 0 0 0 0 0 0 0 0 0 224
170 23 1 2 2 9 1 2 1 3 5 1 1 1 1 1 0 0 0 0 0 0 0 0 224
168 25 3 1 1 2 1 5 2 1 9 1 1 1 1 2 0 0 0 0 0 0 0 0 0 0 0 0 0 224
169 3 24 5 1 2 9 2 1 1 1 1 2 1 1 1 0 0 0 0 0 0 0 0 0 0 0 0 0 0 0 0 0 0 0 0 0 224
169 1 9 24 1 1 5 1 1 2 2 1 3 2 1 1 0 0 0 0 0 0 0 0 0 0 0 0 0 0 0 224
169 3 1 24 1 1 5 9 2 1 2 1 2 1 1 1 0 0 0 0 0 0 0 0 0 0 0 0 0 0 0 0 0 0 0 0 0 224
5 171 2 1 22 3 1 1 2 2 9 1 1 1 1 1 0 0 0 0 0 0 0 0 0 0 0 224
167 26 9 1 2 1 2 5 1 1 1 1 2 1 3 1 0 0 0 0 0 0 0 0 0 0 0 0 0 224
170 9 23 5 1 3 1 1 2 2 1 1 1 2 1 1 0 0 0 0 0 0 0 0 0 0 0 0 0 0 0 0 224
170 23 1 3 1 1 2 1 5 2 1 1 1 9 1 2 0 0 0 0 0 0 0 0 0 0 0 0 0 0 0 0 0 224
169 1 2 24 1 2 5 9 1 3 1 1 1 2 1 1 0 0 0 0 0 0 0 0 0 0 0 0 0 0 0 224
170 23 9 2 1 3 1 5 1 2 2 1 1 1 1 1 0 0 0 0 0 0 0 0 0 224
164 9 29 2 5 1 2 2 3 1 1 1 1 1 1 1 0 0 0 0 0 0 0 0 0 0 0 0 0 0 0 0 0 0 0 224
168 3 25 2 9 1 5 1 2 1 1 1 2 1 1 1 0 0 0 0 0 0 0 0 0 0 0 0 0 0 0 0 0 0 0 224
168 25 9 5 2 1 1 1 1 1 2 3 1 1 1 2 0 0 0 0 0 0 0 0 0 0 0 0 0 0 0 0 0 0 0 0 0 0 0 0 224
167 26 5 1 2 1 3 9 1 2 1 1 2 1 1 1 0 0 0 0 0 0 0 0 0 0 0 0 0 0 0 0 0 0 0 224
169 3 24 1 9 5 1 2 2 1 1 2 1 1 1 1 0 0 0 0 0 0 0 0 0 0 0 0 0 224
168 5 25 2 2 1 9 1 1 2 1 1 1 1 1 3 0 0 0 0 0 0 0 0 0 0 0 0 224
169 9 5 3 24 1 1 1 1 2 2 1 1 1 2 1 0 0 0 0 0 0 0 0 0 0 0 0 0 0 0 0 0 0 0 0 224
170 23 9 5 1 2 1 2 2 1 1 1 3 1 1 1 0 0 0 0 0 0 0 0 0 0 0 0 0 0 224
168 1 25 3 2 1 9 1 1 1 5 1 1 2 1 2 0 0 0 0 0 0 0 0 0 0 0 0 0 0 0 0 0 0 0 0 0 0 0 0 0 0 0 0 0 0 0 224
169 24 1 5 3 2 9 1 1 1 1 1 1 1 2 2 0 0 0 0 0 0 0 0 0 0 0 0 0 0 0 0 0 0 0 0 0 224
169 5 1 24 2 9 2 1 1 2 1 3 1 1 1 1 0 0 0 0 0 0 0 0 0 0 0 0 0 0 0 0 0 0 0 0 0 0 224
170 5 2 23 3 9 1 1 1 1 2 2 1 1 1 1 0 0 0 0 0 0 0 0 0 0 0 0 224
171 22 3 9 2 5 1 1 1 1 1 1 2 1 2 1 0 0 0 0 0 0 0 0 0 0 0 0 0 224
170 23 2 5 9 1 1 2 1 1 3 1 2 1 1 1 0 0 0 0 0 0 0 0 0 0 0 0 0 0 224
169 24 5 2 9 2 1 1 1 1 2 1 1 3 1 1 0 0 0 0 0 0 0 0 0 0 0 0 224
169 2 9 24 5 1 3 1 2 1 1 1 2 1 1 1 0 0 0 0 0 0 0 0 0 0 0 0 0 0 0 0 0 0 0 0 0 0 0 0 0 0 0 0 0 0 0 0 0 0 0 0 0 0 0 0 0 224
169 24 9 1 1 1 2 2 1 5 2 1 3 1 1 1 0 0 0 0 0 0 0 0 0 0 0 0 0 224
169 1 9 24 5 1 1 1 2 3 2 1 2 1 1 1 0 0 0 0 0 0 0 0 0 0 0 0 0 0 0 0 0 0 0 0 0 0 0 224
168 25 5 2 1 3 1 9 1 1 2 2 1 1 1 1 0 0 0 0 0 0 0 0 0 0 0 0 0 0 224
168 25 1 9 3 1 5 1 2 2 1 1 1 1 1 2 0 0 0 0 0 0 0 0 0 0 0 0 0 0 224
169 2 1 24 9 3 2 5 1 1 1 1 1 1 2 1 0 0 0 0 0 0 0 0 0 0 0 0 0 0 0 0 0 0 224
168 1 3 2 25 5 9 1 2 1 1 1 1 2 1 1 0 0 0 0 0 0 0 0 0 0 0 0 0 0 0 0 0 0 0 0 0 0 224
169 24 9 1 1 1 2 2 5 1 3 1 1 1 2 1 0 0 0 0 0 0 224
169 2 24 5 1 9 3 1 1 2 1 1 2 1 1 1 0 0 0 0 0 0 0 0 0 0 0 0 0 0 0 0 0 0 0 0 224
169 3 5 1 9 24 1 2 1 1 2 1 1 2 1 1 0 0 0 0 0 0 0 0 0 0 0 0 0 0 0 0 0 0 0 0 224
169 24 9 2 3 5 1 1 1 2 1 1 1 2 1 1 0 0 0 0 0 0 0 0 0 0 0 0 0 224
168 3 9 25 1 5 1 1 2 1 1 2 2 1 1 1 0 0 0 0 0 0 0 0 0 0 0 0 0 0 0 0 224
169 24 9 2 2 3 1 5 1 1 2 1 1 1 1 1 0 0 0 0 0 0 0 0 0 0 0 0 224
170 9 23 1 1 2 5 1 1 3 1 2 1 1 2 1 0 0 0 0 0 224
170 9 1 23 3 2 2 1 2 5 1 1 1 1 1 1 0 0 0 0 0 0 0 0 0 0 0 0 0 0 0 0 0 0 0 0 0 0 0 0 224
168 3 5 25 1 9 2 2 1 1 1 1 2 1 1 1 0 0 0 0 0 0 0 0 0 0 0 0 0 0 0 0 0 224
169 24 2 9 1 1 5 2 1 1 3 1 1 1 2 1 0 0 0 0 0 0 0 0 0 0 0 0 0 0 224
169 24 5 1 3 9 2 2 1 1 1 2 1 1 1 1 0 0 0 0 0 0 0 0 0 0 0 0 224
170 23 5 1 9 1 3 1 1 2 1 1 2 1 1 2 0 0 0 0 0 0 0 0 0 0 0 0 224
170 23 1 5 1 1 1 2 9 1 2 1 3 2 1 1 0 0 0 0 0 0 0 0 0 0 0 0 0 0 224
170 9 3 23 5 1 2 2 1 1 1 1 1 1 2 1 0 0 0 0 0 0 0 224
169 9 24 1 5 1 1 1 3 2 1 1 2 1 1 2 0 0 0 0 0 0 0 0 0 0 0 0 0 0 0 0 0 0 0 0 0 0 0 0 224
169 24 9 5 3 1 1 1 2 1 1 2 1 2 1 1 0 0 0 0 0 0 0 0 0 0 0 0 0 224
168 25 9 2 5 3 1 1 2 1 1 1 1 1 1 2 0 0 0 0 0 0 0 0 0 0 0 0 0 0 0 0 224
169 24 1 9 2 5 3 1 1 1 1 2 1 2 1 1 0 0 0 0 0 0 0 0 0 0 0 0 0 0 0 0 224
169 9 24 2 1 5 2 1 1 2 1 1 1 1 3 1 0 0 0 0 0 0 0 0 0 0 0 0 0 0 0 224
170 23 1 2 9 2 2 1 5 1 1 1 3 1 1 1 0 0 0 0 0 0 0 0 0 0 0 0 0 0 0 0 224
170 5 9 23 2 1 3 1 2 1 1 1 1 2 1 1 0 0 0 0 0 0 0 0 0 0 0 0 0 0 0 0 0 0 0 0 0 0 0 224
169 9 1 24 5 1 1 1 3 2 2 1 1 1 2 1 0 0 0 0 0 0 0 0 0 0 0 0 0 0 0 0 224
169 24 9 5 1 1 1 2 1 1 1 3 2 1 2 1 0 0 0 0 0 0 0 0 0 0 0 0 0 224
169 2 1 24 1 9 1 1 1 2 2 1 1 5 3 1 0 0 0 0 0 0 0 0 0 0 0 0 0 0 0 0 0 0 0 0 0 0 0 0 0 0 0 224
169 24 9 5 1 3 1 1 1 2 2 1 1 1 1 2 0 0 0 0 0 0 0 0 0 0 0 0 0 0 0 0 0 0 224
169 24 1 5 1 1 9 3 2 1 1 1 2 1 2 1 0 0 0 0 0 0 0 0 0 0 0 0 0 0 0 0 0 0 224
168 25 3 1 9 2 5 1 1 1 2 1 2 1 1 1 0 0 0 0 0 0 0 0 0 0 0 0 0 0 0 224
169 3 24 2 9 1 2 1 1 5 1 1 1 1 2 1 0 0 0 0 0 0 0 0 0 0 0 0 0 0 0 0 0 0 0 0 0 0 0 224
171 1 5 22 9 2 3 1 1 2 1 2 1 1 1 1 0 0 0 0 0 0 0 0 0 0 0 0 0 0 0 0 0 0 0 0 224
168 25 1 1 2 2 9 1 2 3 1 1 5 1 1 1 0 0 0 0 0 0 0 0 0 224
171 9 1 22 2 5 1 1 3 1 1 2 2 1 1 1 0 0 0 0 0 0 0 0 0 0 0 0 0 0 0 0 224
170 2 23 1 1 5 9 3 1 2 1 1 2 1 1 1 0 0 0 0 0 0 0 0 0 0 0 0 0 0 0 0 0 0 0 224
23 170 5 9 1 1 1 2 2 1 1 1 1 3 1 2 0 0 0 0 0 0 0 0 0 0 0 0 0 0 0 0 0 0 0 224
169 24 2 9 3 1 1 2 1 1 1 1 5 1 2 1 0 0 0 0 0 0 0 0 0 0 0 0 0 0 0 0 0 0 224
1 169 24 5 9 1 2 1 3 1 1 1 1 2 1 2 0 0 0 0 0 0 0 0 0 0 0 0 0 0 0 0 0 0 0 0 0 0 0 0 0 0 0 0 0 0 0 0 0 0 224
170 2 23 2 9 3 1 1 5 2 1 1 1 1 1 1 0 0 0 0 0 0 0 0 0 0 0 0 0 0 0 0 0 0 0 0 0 224
166 27 3 9 1 5 1 2 1 2 1 1 1 1 2 1 0 0 0 0 0 0 0 0 0 0 0 0 224
170 5 23 1 2 1 1 9 1 1 2 1 3 1 1 2 0 0 0 0 0 0 0 224
169 24 1 1 1 1 9 5 2 3 1 1 1 2 2 1 0 0 0 0 0 0 0 0 0 0 0 0 0 224
168 25 2 1 2 3 9 5 1 2 1 1 1 1 1 1 0 0 0 0 0 0 0 0 0 0 0 0 0 0 0 0 224
171 5 9 22 3 1 2 1 1 2 1 1 2 1 1 1 0 0 0 0 0 0 0 0 224
167 26 9 1 1 3 1 1 5 2 1 1 2 2 1 1 0 0 0 0 0 0 0 0 0 0 0 0 0 0 0 0 0 0 0 224
169 24 1 1 2 3 2 9 1 2 1 1 5 1 1 1 0 0 0 0 0 0 0 0 224
166 27 5 1 1 1 2 3 1 9 1 2 2 1 1 1 0 0 0 0 0 0 0 0 0 0 0 0 0 0 0 0 0 0 224
167 9 26 2 1 5 3 1 1 1 2 1 1 1 1 2 0 0 0 0 0 0 0 0 0 0 0 0 0 0 0 0 0 0 224
169 1 2 24 1 9 1 5 2 1 1 2 1 1 1 3 0 0 0 0 0 0 0 0 0 0 0 224
1 169 9 24 1 3 5 2 2 1 1 1 2 1 1 1 0 0 0 0 0 0 0 0 0 0 0 0 0 0 0 0 224
169 9 5 24 1 2 1 2 1 1 2 1 1 1 1 3 0 0 0 0 0 0 0 0 0 0 0 0 0 0 0 0 0 0 0 0 0 0 0 0 0 0 0 0 0 224
169 24 9 1 5 2 1 3 1 1 1 1 2 1 2 1 0 0 0 0 0 0 0 0 0 0 0 0 224
169 24 5 2 1 1 1 1 9 1 3 1 2 1 2 1 0 0 0 0 0 0 0 0 0 0 0 0 0 0 0 0 0 0 0 224
170 23 1 9 2 1 2 1 1 1 2 1 5 3 1 1 0 0 0 0 0 0 0 0 0 0 0 0 0 0 0 0 0 0 0 0 0 0 0 0 0 224
169 1 2 3 1 24 1 9 5 1 1 1 1 2 2 1 0 0 0 0 0 0 0 0 0 224
169 1 24 9 1 1 2 3 2 5 1 1 1 2 1 1 0 0 0 0 0 0 0 0 0 0 0 0 0 0 0 0 0 224
9 169 24 3 1 1 2 1 1 1 2 1 5 2 1 1 0 0 0 0 0 0 0 0 0 0 0 0 0 0 0 0 0 0 0 0 0 0 0 224
170 23 1 1 9 1 1 1 5 2 2 3 2 1 1 1 0 0 0 0 0 0 0 0 0 0 0 0 0 0 0 0 0 0 0 0 0 0 0 0 224
169 1 24 5 1 1 9 3 2 1 1 2 1 2 1 1 0 0 0 0 0 0 0 0 0 0 0 0 0 0 0 0 0 0 0 0 0 0 0 0 0 0 0 0 0 0 0 0 0 0 0 0 0 0 0 224
168 25 9 1 5 1 1 2 1 1 1 3 2 1 2 1 0 0 0 0 0 0 224
169 24 3 2 5 1 2 1 2 9 1 1 1 1 1 1 0 0 0 0 0 0 0 0 0 0 0 0 0 0 0 0 0 0 0 0 0 224
169 24 2 5 2 3 1 1 9 2 1 1 1 1 1 1 0 0 0 0 0 0 0 0 0 0 0 0 0 0 0 0 0 0 0 0 0 0 0 0 0 0 0 0 0 0 0 224
2 170 1 23 1 1 2 1 9 1 3 1 1 1 2 5 0 0 0 0 0 0 0 0 0 0 0 0 0 0 0 0 0 224
169 1 9 2 2 24 2 1 5 3 1 1 1 1 1 1 0 0 0 0 0 0 0 0 0 0 0 0 0 224
169 24 2 1 9 3 5 1 2 2 1 1 1 1 1 1 0 0 0 0 0 0 0 0 0 0 0 0 0 0 0 224
169 9 24 1 1 1 2 5 2 1 3 1 1 2 1 1 0 0 0 0 0 0 0 0 0 0 0 0 0 0 0 0 224
170 2 23 9 5 1 1 3 1 2 1 1 1 2 1 1 0 0 0 0 0 0 0 0 0 0 0 0 0 0 0 0 0 0 0 0 0 0 0 0 0 0 0 0 0 0 0 0 0 0 0 0 0 224
169 24 9 1 1 1 1 2 5 3 2 1 2 1 1 1 0 0 0 0 0 0 0 0 0 0 0 0 0 0 0 0 0 0 0 0 224
168 25 5 1 2 9 1 1 1 3 1 1 2 2 1 1 0 0 0 0 0 0 0 0 0 0 0 0 0 0 0 0 0 0 224
169 1 24 1 1 9 2 5 1 1 1 1 2 2 3 1 0 0 0 0 0 0 0 0 0 0 0 0 0 0 0 0 0 0 0 0 0 0 0 224
169 24 1 1 2 9 1 2 1 5 3 1 1 2 1 1 0 0 0 0 0 0 0 0 0 0 0 0 0 0 0 0 224
24 169 1 9 2 3 5 1 1 1 2 1 1 2 1 1 0 0 0 0 0 0 0 0 0 0 0 0 0 0 0 0 0 0 0 0 224
168 25 1 9 1 5 3 1 1 2 1 2 2 1 1 1 0 0 0 0 0 0 0 0 0 0 0 0 0 0 0 224
169 24 5 1 9 1 1 1 1 1 2 3 2 1 2 1 0 0 0 0 0 0 0 0 0 0 0 0 0 0 0 0 0 0 0 0 0 0 0 0 0 0 0 224
170 9 23 1 5 1 2 1 1 1 3 2 1 2 1 1 0 0 0 0 0 0 0 0 0 224
169 3 24 9 1 1 1 1 2 2 2 1 5 1 1 1 0 0 0 0 0 0 0 0 0 0 0 0 0 0 0 0 0 0 0 224
170 23 9 1 2 1 1 5 3 1 1 2 1 1 1 2 0 0 0 0 0 0 0 0 0 0 0 0 0 0 0 0 0 0 0 0 0 224
168 2 25 1 9 1 1 2 5 3 1 1 1 1 2 1 0 0 0 0 0 0 0 0 0 0 0 0 0 0 0 0 0 0 0 0 0 0 0 0 0 0 0 0 0 0 0 0 0 0 0 0 0 0 0 0 0 0 0 224
169 24 3 1 5 1 9 2 1 1 1 1 2 1 1 2 0 0 0 0 0 0 0 0 0 0 0 224
169 24 1 5 9 1 1 2 3 1 2 1 2 1 1 1 0 0 0 0 0 0 0 0 0 0 0 0 0 0 0 224
170 23 9 5 2 1 2 1 1 1 2 1 1 1 1 3 0 0 0 0 0 0 0 0 0 0 0 0 0 0 0 0 0 0 0 0 224
169 24 9 2 2 1 2 5 1 1 1 1 1 3 1 1 0 0 0 0 0 0 0 0 0 0 0 0 0 0 0 0 0 0 0 224
169 9 3 5 24 1 2 1 1 1 1 2 1 1 2 1 0 0 0 0 0 0 0 0 0 0 0 0 0 0 224
170 1 2 9 23 1 3 5 1 1 1 2 1 2 1 1 0 0 0 0 0 0 0 0 0 0 0 0 224
169 3 24 2 1 9 5 1 2 1 1 1 2 1 1 1 0 0 0 0 0 0 0 0 0 0 0 0 0 0 0 0 0 224
169 24 1 1 2 1 3 2 2 5 1 1 9 1 1 1 0 0 0 0 0 0 0 0 0 0 0 0 0 0 0 0 0 0 0 0 0 0 0 224
168 9 1 25 2 2 1 1 3 2 1 1 5 1 1 1 0 0 0 0 0 0 0 0 0 0 0 0 0 0 0 0 0 0 0 0 0 0 0 0 0 0 0 0 0 0 0 0 0 0 224
21 172 9 1 1 5 3 2 2 1 1 1 2 1 1 1 0 0 0 0 0 0 0 0 0 0 0 0 224
168 5 25 3 9 1 2 1 1 1 1 1 1 2 1 2 0 0 0 0 0 0 0 0 0 0 0 0 224
169 24 1 2 1 9 1 1 3 5 2 1 1 1 1 2 0 0 0 0 0 0 0 0 0 224
169 24 2 1 1 1 5 3 2 2 9 1 1 1 1 1 0 0 0 0 0 0 0 0 0 0 0 0 0 0 0 0 0 0 0 0 0 0 0 0 0 0 0 0 0 0 0 0 0 0 224
169 9 1 24 1 1 5 2 3 1 2 2 1 1 1 1 0 0 0 0 0 0 0 0 0 0 0 224
168 2 25 9 1 3 5 2 1 1 1 1 1 1 2 1 0 0 0 0 0 0 0 0 0 0 0 224
167 26 3 9 1 2 1 1 1 5 1 1 1 1 2 2 0 0 0 0 0 0 0 0 0 224
26 167 9 3 1 2 5 1 2 1 1 2 1 1 1 1 0 0 0 0 0 0 0 0 0 0 0 0 0 0 224
170 23 1 9 5 1 2 1 1 1 3 1 1 2 2 1 0 0 0 0 0 0 0 0 0 0 0 0 0 0 0 0 224
170 23 5 1 2 1 1 1 9 2 1 2 1 3 1 1 0 0 0 0 0 0 0 0 0 0 0 0 0 0 0 0 0 0 0 0 224
168 25 5 9 1 1 3 1 2 1 2 1 1 2 1 1 0 0 0 0 0 0 0 0 0 0 0 224
169 24 9 5 3 1 1 2 1 1 1 1 2 1 2 1 0 0 0 0 0 0 0 0 0 0 0 0 0 0 224
169 3 2 1 2 24 9 1 2 5 1 1 1 1 1 1 0 0 0 0 0 0 0 0 0 0 0 0 0 0 0 0 0 0 0 0 0 0 0 0 0 0 0 0 0 0 0 224
1 169 24 9 3 2 1 1 1 2 2 1 5 1 1 1 0 0 0 0 0 0 0 0 0 0 0 0 0 0 0 224
170 1 23 5 2 1 1 1 9 2 3 1 1 1 1 2 0 0 0 0 0 0 0 0 0 0 0 0 0 0 0 0 0 0 0 224
170 9 23 5 1 1 2 2 2 1 1 1 1 3 1 1 0 0 0 0 0 0 0 0 0 0 0 0 0 0 0 0 0 0 224
168 9 25 3 5 1 2 2 1 1 1 1 1 1 1 2 0 0 0 0 0 0 0 0 0 0 0 0 0 0 0 0 224
168 25 5 2 9 1 3 2 1 1 2 1 1 1 1 1 0 0 0 0 0 0 0 0 0 0 0 0 0 0 0 0 0 0 0 0 0 0 0 0 0 0 0 0 0 0 0 224
168 1 25 9 3 1 1 2 2 2 1 1 5 1 1 1 0 0 0 0 0 0 0 0 0 0 0 224
169 24 5 1 9 2 3 1 1 1 1 1 2 1 2 1 0 0 0 0 0 0 0 0 0 0 0 0 0 0 0 0 0 224
167 5 26 9 1 3 1 2 1 1 2 1 1 1 1 2 0 0 0 0 0 224
169 1 2 24 3 9 1 2 1 5 1 1 1 2 1 1 0 0 0 0 0 0 0 0 0 0 0 0 0 224
169 24 1 9 1 3 1 1 2 1 5 2 1 2 1 1 0 0 0 0 0 0 0 0 0 0 0 0 0 0 0 224
166 2 27 2 1 1 1 5 2 9 3 1 1 1 1 1 0 0 0 0 0 0 0 0 0 0 0 0 0 0 224
168 3 1 25 1 5 9 2 1 2 1 2 1 1 1 1 0 0 0 0 0 0 0 0 0 0 0 224
169 24 1 2 5 1 1 1 9 1 1 1 2 2 3 1 0 0 0 0 0 0 0 0 0 0 224
167 1 2 26 5 9 1 1 3 1 1 1 2 2 1 1 0 0 0 0 0 0 0 0 0 0 0 224
169 24 2 5 1 1 1 9 1 2 1 1 3 1 2 1 0 0 0 0 0 0 0 0 0 0 0 0 0 0 0 0 0 0 0 0 0 0 0 0 0 0 0 224
167 26 3 9 2 2 1 5 1 1 1 1 1 2 1 1 0 0 0 0 0 0 0 0 0 0 0 0 0 224
170 23 9 2 2 1 2 5 1 1 1 3 1 1 1 1 0 0 0 0 0 0 0 0 0 0 0 224
168 25 5 2 1 3 1 2 2 9 1 1 1 1 1 1 0 0 0 0 0 0 0 0 0 0 0 0 0 0 224
171 22 9 5 1 3 1 1 1 2 2 2 1 1 1 1 0 0 0 0 0 0 0 0 0 0 0 0 0 224
169 2 24 1 3 2 9 1 5 2 1 1 1 1 1 1 0 0 0 0 0 0 0 0 0 0 0 0 0 0 0 0 0 0 0 0 0 0 0 0 0 224
169 24 5 3 1 9 1 2 2 1 2 1 1 1 1 1 0 0 0 0 0 0 0 0 0 0 0 0 0 0 0 0 0 0 0 0 0 0 0 0 224
168 25 1 2 9 1 1 1 5 1 2 1 3 1 2 1 0 0 0 0 0 0 0 0 0 0 0 0 224
168 25 9 5 2 1 1 3 2 1 1 2 1 1 1 1 0 0 0 0 0 0 0 0 0 0 0 0 0 0 0 0 224
169 24 9 1 2 1 1 5 1 2 2 1 1 1 3 1 0 0 0 0 0 0 0 0 0 0 0 224
168 25 3 9 5 2 1 1 1 1 2 2 1 1 1 1 0 0 0 0 0 0 0 0 0 0 0 0 0 0 0 0 224
169 24 2 9 5 1 2 1 3 1 2 1 1 1 1 1 0 0 0 0 0 0 0 0 0 0 0 0 0 0 224
170 5 23 1 9 1 2 1 2 1 3 1 2 1 1 1 0 0 0 0 0 0 0 0 0 0 0 0 0 0 0 0 224
169 24 5 9 2 2 2 3 1 1 1 1 1 1 1 1 0 0 0 0 0 0 0 0 0 0 0 0 0 0 0 0 0 0 0 0 0 0 0 0 224
9 166 3 27 5 2 1 1 1 2 1 1 1 2 1 1 0 0 0 0 0 0 0 0 0 0 0 0 0 224
170 5 1 23 9 1 2 1 1 2 2 3 1 1 1 1 0 0 0 0 0 0 0 0 224
167 5 2 1 26 1 3 9 1 1 2 2 1 1 1 1 0 0 0 0 0 0 0 0 0 0 0 0 0 0 0 0 0 0 0 224
168 2 25 1 1 9 2 1 5 3 1 1 1 1 1 2 0 0 0 0 0 0 0 0 0 0 0 0 0 0 0 0 224
169 1 1 24 5 9 1 2 2 1 1 2 1 3 1 1 0 0 0 0 0 0 0 0 0 0 0 0 0 0 0 0 0 0 0 0 0 0 0 0 0 0 0 0 0 0 0 0 0 0 224
168 2 1 9 25 1 1 5 1 2 3 2 1 1 1 1 0 0 0 0 0 0 0 0 0 0 0 0 0 0 0 0 0 0 0 0 0 0 0 0 0 0 0 0 224
167 26 5 9 1 3 2 1 1 1 2 1 1 1 2 1 0 0 0 0 0 0 0 0 0 0 0 0 0 0 0 0 0 0 0 0 0 0 0 0 0 0 224
168 1 25 1 1 5 2 1 2 3 9 1 2 1 1 1 0 0 0 0 0 0 0 0 0 0 0 0 0 0 224
170 23 3 1 9 1 1 1 1 2 1 5 2 2 1 1 0 0 0 0 0 0 0 0 0 0 0 0 0 0 0 0 0 0 224
169 9 24 1 3 5 1 2 2 1 1 1 2 1 1 1 0 0 0 0 0 0 0 0 0 0 0 0 0 0 0 0 0 0 0 0 0 0 0 0 0 0 0 0 224
169 5 24 9 2 1 1 1 3 2 2 1 1 1 1 1 0 0 0 0 0 0 0 0 0 0 0 224
170 23 1 1 9 1 1 5 1 2 2 3 1 1 2 1 0 0 0 0 0 0 0 0 0 0 0 0 0 0 0 0 0 0 0 224
169 9 5 2 24 1 2 3 1 1 2 1 1 1 1 1 0 0 0 0 0 0 0 0 0 0 0 0 0 0 224
169 24 5 9 1 2 1 2 2 1 1 1 3 1 1 1 0 0 0 0 0 0 0 0 0 0 0 0 0 0 0 0 0 0 0 0 224
171 22 2 2 9 5 1 2 1 1 3 1 1 1 1 1 0 0 0 0 0 0 0 0 0 0 0 0 0 0 0 0 0 0 224
169 3 9 24 5 2 1 1 1 1 1 2 1 2 1 1 0 0 0 0 0 0 0 0 0 0 0 0 0 0 0 224
24 169 1 2 1 9 5 3 1 1 2 1 1 1 2 1 0 0 0 0 0 0 0 0 0 0 0 0 0 0 0 0 0 0 0 0 0 0 0 224
169 24 9 5 3 1 2 2 1 1 1 1 1 1 2 1 0 0 0 0 0 0 0 0 224
169 9 24 5 2 1 3 2 2 1 1 1 1 1 1 1 0 0 0 0 0 0 0 0 0 0 0 224
169 24 1 9 1 1 1 1 2 5 2 2 1 1 3 1 0 0 0 0 0 0 0 0 0 0 0 0 0 0 0 0 0 0 0 0 0 224
170 23 3 1 9 2 1 1 5 1 1 2 1 2 1 1 0 0 0 0 0 0 0 0 0 0 0 224
168 9 25 1 1 1 5 2 1 3 2 1 1 1 2 1 0 0 0 0 0 0 0 0 0 0 0 0 0 0 0 224
169 5 24 9 3 1 2 1 2 2 1 1 1 1 1 1 0 0 0 0 0 0 0 0 0 0 0 0 0 0 0 0 0 224
169 9 2 24 5 1 1 3 1 2 1 1 2 1 1 1 0 0 0 0 0 0 0 0 0 0 0 0 0 0 0 0 0 0 0 0 0 0 0 224
170 9 23 1 5 1 1 1 2 2 3 1 2 1 1 1 0 0 0 0 0 0 0 0 224
169 1 24 1 9 1 1 2 2 1 2 1 3 1 5 1 0 0 0 0 0 0 0 0 0 0 224
168 25 9 2 5 3 2 1 2 1 1 1 1 1 1 1 0 0 0 0 0 0 0 0 0 0 0 0 0 0 0 0 0 0 0 0 0 0 0 0 0 0 0 0 0 0 0 224
169 9 24 5 2 2 1 1 1 1 1 2 1 3 1 1 0 0 0 0 0 0 0 0 0 0 0 0 0 0 0 0 0 0 0 0 0 0 0 0 0 224
169 3 24 2 2 5 1 1 1 9 1 1 1 1 1 2 0 0 0 0 0 0 224
169 9 24 1 1 5 1 1 1 1 1 3 2 2 2 1 0 0 0 0 0 0 0 0 0 0 0 0 0 0 0 0 0 0 0 0 0 0 224
169 24 1 2 9 5 1 1 3 1 1 2 1 1 2 1 0 0 0 0 0 0 0 0 0 224
168 25 9 3 5 2 1 1 2 2 1 1 1 1 1 1 0 0 0 0 0 0 0 0 0 0 0 0 0 0 0 0 0 0 0 0 0 0 0 0 0 0 0 0 0 0 0 0 0 224
170 1 23 5 9 2 2 1 1 3 1 1 1 1 2 1 0 0 0 0 0 0 0 0 0 0 0 0 0 0 0 224
168 25 9 1 5 2 2 3 1 1 1 1 2 1 1 1 0 0 0 0 0 0 0 0 0 0 0 0 0 0 0 0 0 0 0 0 0 0 224
168 1 25 3 1 9 2 5 2 1 1 1 2 1 1 1 0 0 0 0 0 0 0 0 0 0 224
3 168 9 2 25 5 1 1 1 1 2 1 1 1 2 1 0 0 0 0 0 0 0 0 0 0 0 0 0 0 0 0 0 0 0 0 0 0 224
169 24 9 3 2 5 1 1 2 1 1 2 1 1 1 1 0 0 0 224
170 23 5 9 2 1 2 1 1 1 1 1 2 3 1 1 0 0 0 0 0 0 0 0 0 0 0 224
169 24 2 5 9 1 1 1 1 3 2 1 2 1 1 1 0 0 0 0 0 0 0 0 0 0 0 0 0 0 0 0 0 0 0 0 0 0 224
169 3 24 9 1 1 5 2 2 1 1 1 2 1 1 1 0 0 0 0 0 0 0 0 0 0 0 0 0 0 0 0 0 0 0 0 0 0 0 0 0 0 224
168 9 5 25 1 1 3 1 2 2 1 1 2 1 1 1 0 0 0 0 0 0 0 0 0 0 0 0 0 224
169 24 9 2 1 1 2 5 1 3 1 2 1 1 1 1 0 0 0 0 0 0 0 0 0 0 0 0 0 224
1 169 9 2 1 24 1 2 1 3 1 2 1 5 1 1 0 0 0 0 0 0 0 0 0 0 0 0 224
169 24 3 5 2 1 9 1 1 2 1 1 2 1 1 1 0 0 0 0 0 0 0 0 0 0 0 0 0 0 0 224
167 26 2 5 9 1 1 3 2 1 1 1 1 1 2 1 0 0 0 0 0 0 0 0 0 0 0 224
170 1 5 23 3 2 1 9 1 1 2 2 1 1 1 1 0 0 0 0 0 0 0 0 0 0 0 0 0 0 0 0 0 224
171 22 9 1 1 2 5 2 3 1 1 2 1 1 1 1 0 0 0 0 0 0 0 0 0 0 0 0 0 0 0 0 0 0 0 0 0 0 224
169 24 9 1 2 1 1 2 1 3 5 2 1 1 1 1 0 0 0 0 0 0 0 0 0 0 224
170 2 23 9 1 2 2 5 1 1 1 1 1 3 1 1 0 0 0 0 0 0 0 0 0 0 0 0 0 0 0 0 0 224
168 1 25 2 2 5 2 1 9 1 1 1 1 1 1 3 0 0 0 0 0 0 0 0 0 0 0 0 0 0 0 0 0 0 0 0 0 224
169 24 3 5 9 2 2 1 1 1 1 1 2 1 1 1 0 0 0 0 0 0 0 0 0 0 0 0 0 0 0 0 224
169 24 2 9 1 1 5 1 1 3 1 2 1 1 2 1 0 0 0 0 0 224
169 9 24 1 2 3 2 5 1 1 1 1 1 1 2 1 0 0 0 0 0 0 0 0 0 0 0 0 0 0 0 0 0 0 224
169 1 24 1 2 5 9 3 1 1 1 1 2 2 1 1 0 0 0 0 0 0 0 0 0 0 0 0 0 0 0 0 0 0 0 0 224
169 1 5 24 1 1 1 1 9 1 2 1 2 1 3 2 0 0 0 0 0 0 0 224
168 1 25 5 1 1 2 1 9 1 2 2 1 3 1 1 0 0 0 0 0 0 0 0 0 0 224
169 24 3 9 5 1 2 2 1 1 1 1 1 1 2 1 0 0 0 0 0 0 0 0 0 0 0 0 0 0 0 224
167 2 9 26 1 3 1 5 1 2 2 1 1 1 1 1 0 0 0 0 0 0 0 0 0 0 0 0 0 0 0 224
169 24 9 5 1 1 1 3 1 1 1 2 1 2 1 2 0 0 0 0 0 0 0 0 0 0 0 0 0 0 0 0 0 0 224
168 9 25 2 2 1 1 1 5 3 1 2 1 1 1 1 0 0 0 0 0 0 0 0 0 0 0 0 0 224
170 23 9 3 2 1 1 5 1 2 1 2 1 1 1 1 0 0 0 0 0 0 0 0 0 0 0 0 0 224
169 9 2 24 1 2 1 1 1 1 2 3 1 1 5 1 0 0 0 0 0 0 0 0 0 0 0 0 0 0 0 0 224
169 24 9 2 1 1 3 5 1 1 1 1 2 1 1 2 0 0 0 0 0 0 0 0 0 224
170 23 9 2 2 1 1 5 3 2 1 1 1 1 1 1 0 0 0 0 0 0 0 0 0 0 0 0 0 0 0 0 0 0 0 0 0 0 0 0 224
1 168 25 1 5 9 1 1 2 2 3 1 1 1 2 1 0 0 0 0 0 0 0 0 0 0 0 0 0 0 0 0 0 0 0 0 0 0 224
170 9 23 5 1 3 2 1 2 1 1 2 1 1 1 1 0 0 0 0 0 0 0 0 0 0 0 0 0 0 0 0 224
169 1 24 2 9 1 2 5 1 2 3 1 1 1 1 1 0 0 0 0 0 0 0 224
169 24 1 2 5 9 1 1 1 2 2 1 1 1 1 3 0 0 0 0 0 0 0 0 0 0 0 0 0 0 0 0 0 224
169 9 3 5 2 24 1 1 1 1 1 2 1 2 1 1 0 0 0 0 0 0 0 0 0 0 0 0 0 0 0 0 0 224
170 9 23 2 2 2 3 1 5 1 1 1 1 1 1 1 0 0 0 0 0 0 0 0 0 0 0 0 0 0 0 0 0 0 0 0 224
169 24 5 9 1 1 2 3 2 2 1 1 1 1 1 1 0 0 0 0 0 0 0 0 0 0 0 0 0 0 0 0 0 0 224
169 2 1 24 5 2 9 3 1 1 1 1 1 1 2 1 0 0 0 0 0 0 0 0 0 0 0 0 0 0 0 0 224
169 3 9 1 24 1 1 5 1 2 2 1 1 1 2 1 0 0 0 0 0 0 0 0 0 0 0 0 0 0 0 0 0 224
170 23 2 9 3 1 1 5 2 1 1 1 1 1 2 1 0 0 0 0 0 0 0 0 0 0 224
170 1 2 23 1 2 3 5 9 1 2 1 1 1 1 1 0 0 0 0 0 0 0 0 0 0 0 0 224
168 25 1 5 1 9 3 1 2 2 2 1 1 1 1 1 0 0 0 0 0 0 0 0 0 0 0 0 0 0 0 0 0 0 0 224
169 3 24 1 9 2 5 1 2 1 1 1 1 1 2 1 0 0 0 0 0 0 0 0 0 0 0 0 0 0 0 0 0 0 0 0 224
169 24 9 3 5 1 1 2 1 2 1 1 2 1 1 1 0 0 0 0 0 0 0 0 0 0 0 0 0 0 0 224
170 1 23 1 2 1 9 3 5 2 2 1 1 1 1 1 0 0 0 0 0 0 0 0 0 0 0 0 0 0 0 0 0 0 0 0 0 0 0 0 0 224
169 9 1 1 24 2 2 2 1 1 3 5 1 1 1 1 0 0 0 0 0 0 0 0 0 0 0 0 0 0 0 0 0 0 0 0 0 0 224
169 24 1 1 9 3 1 1 1 2 1 5 1 2 1 2 0 0 0 0 0 0 0 0 0 0 0 0 0 0 0 0 0 0 0 0 0 224
169 24 2 2 1 3 2 5 9 1 1 1 1 1 1 1 0 0 0 0 0 0 0 0 0 0 0 0 0 0 0 0 0 0 0 224
172 21 1 9 1 3 5 1 2 2 1 2 1 1 1 1 0 0 0 0 0 0 0 0 0 224
168 25 9 2 1 1 2 1 5 1 1 1 1 2 1 3 0 0 0 0 0 0 0 224
170 23 5 9 1 3 2 2 1 1 1 1 2 1 1 1 0 0 0 0 0 0 0 0 0 0 224
170 23 1 2 5 1 1 1 9 2 1 1 1 3 2 1 0 0 0 0 0 0 0 0 0 0 0 0 0 0 0 0 0 0 0 0 0 0 0 0 0 224
169 5 24 1 1 9 1 2 3 1 1 1 2 2 1 1 0 0 0 0 0 0 0 0 0 0 0 0 0 0 224
168 1 1 9 2 2 25 2 1 5 1 3 1 1 1 1 0 0 0 0 0 0 0 0 0 0 0 0 0 0 0 224
169 24 2 2 1 9 5 3 1 1 1 1 1 2 1 1 0 0 0 0 0 0 0 224
170 23 9 1 3 2 2 1 5 2 1 1 1 1 1 1 0 0 0 0 0 0 0 0 0 0 0 0 0 0 224
170 23 1 9 5 2 3 1 2 2 1 1 1 1 1 1 0 0 0 0 0 0 0 0 0 0 224
169 24 9 1 1 1 5 1 2 1 1 2 2 3 1 1 0 0 0 0 0 0 0 0 0 0 0 0 0 0 0 0 224
169 24 5 9 1 3 1 2 1 2 1 1 2 1 1 1 0 0 0 0 0 0 0 0 0 0 0 0 0 0 0 0 0 0 0 0 0 0 224
169 1 3 9 24 1 1 1 5 1 2 1 2 2 1 1 0 0 0 0 0 0 0 0 0 224
169 24 2 5 1 9 3 1 2 2 1 1 1 1 1 1 0 0 0 0 0 0 0 0 0 0 0 0 0 0 224
168 5 25 9 1 1 2 1 1 1 3 1 1 2 2 1 0 0 0 0 0 0 0 0 0 0 0 0 0 0 0 0 0 0 0 224
168 25 2 5 1 1 9 2 2 3 1 1 1 1 1 1 0 0 0 0 0 0 0 0 0 0 0 0 0 0 0 0 224
167 26 9 2 1 1 1 5 1 2 1 1 3 1 1 2 0 0 0 0 0 0 0 0 0 0 0 0 0 0 0 0 0 0 0 0 0 0 0 0 0 224
169 24 1 5 2 1 9 2 3 1 1 2 1 1 1 1 0 0 0 0 0 0 0 0 0 0 0 0 0 0 0 0 0 0 0 0 224
168 25 1 5 1 9 3 1 1 1 1 2 2 1 2 1 0 0 0 0 0 0 0 0 0 0 0 0 0 224
170 1 9 23 5 1 1 2 1 2 1 3 1 1 2 1 0 0 0 0 0 0 0 0 0 0 0 0 0 0 0 0 0 0 0 224
2 168 25 9 1 2 2 5 3 1 1 1 1 1 1 1 0 0 0 0 0 0 0 0 0 0 0 0 0 0 0 0 224
171 9 22 3 2 5 2 1 1 1 2 1 1 1 1 1 0 0 0 0 0 0 0 0 224
169 5 1 24 1 1 3 9 1 1 2 1 2 1 1 2 0 0 0 0 0 0 0 0 0 0 0 0 0 0 0 0 0 0 0 0 0 0 0 0 0 0 224
170 2 23 1 5 2 9 1 1 2 3 1 1 1 1 1 0 0 0 0 0 0 0 0 0 0 0 0 0 0 0 224
169 24 9 1 1 1 2 1 1 3 5 2 2 1 1 1 0 0 0 0 0 0 0 0 0 0 0 0 0 0 0 0 0 0 0 0 0 0 0 0 224
169 9 24 1 1 1 2 5 2 1 3 1 1 1 1 2 0 0 0 0 0 0 0 0 0 0 0 0 0 0 0 0 0 0 0 0 0 0 224
169 24 9 5 1 3 1 1 1 1 2 1 2 1 2 1 0 0 0 0 0 224
169 24 9 2 1 3 1 5 1 1 1 1 1 2 1 2 0 0 0 0 0 0 0 0 0 0 0 0 0 0 224
171 22 9 1 2 1 2 5 2 1 1 1 1 1 3 1 0 0 0 0 0 0 0 0 0 0 0 0 0 0 0 0 0 0 0 224
169 24 9 3 1 1 5 1 2 2 1 1 1 1 2 1 0 0 0 0 0 0 0 224
170 23 9 1 2 2 1 5 1 1 3 1 1 1 1 2 0 0 0 0 0 0 0 0 0 0 0 0 0 0 0 0 0 0 0 0 0 0 0 0 0 0 0 0 0 224
169 24 2 1 9 1 1 2 1 1 3 5 2 1 1 1 0 0 0 0 0 0 0 0 0 0 0 0 0 0 0 224
1 169 1 1 24 1 9 5 1 1 2 2 3 2 1 1 0 0 0 0 0 0 0 0 0 0 0 0 0 0 224
170 23 1 9 1 1 5 3 1 1 2 1 1 2 1 2 0 0 0 0 0 0 0 0 224
169 24 9 1 1 1 3 1 1 5 2 1 1 2 2 1 0 0 0 0 0 0 0 0 0 0 0 0 224
170 3 5 23 2 9 1 2 1 1 2 1 1 1 1 1 0 0 0 0 0 0 0 0 0 0 0 0 0 224
169 24 5 2 9 1 1 1 1 1 1 1 2 3 1 2 0 0 0 0 0 0 0 0 0 0 0 0 0 0 0 0 0 0 0 0 0 0 0 0 0 0 0 0 0 0 224
169 24 1 3 2 9 1 2 5 2 1 1 1 1 1 1 0 0 0 0 0 0 0 0 0 0 0 0 0 0 0 0 224
169 24 1 9 1 2 5 1 1 3 1 1 2 2 1 1 0 0 0 0 0 0 0 0 0 0 0 0 0 0 224
169 9 1 24 5 3 1 1 2 2 1 1 2 1 1 1 0 0 0 0 0 0 0 224
169 5 24 9 3 1 1 1 2 1 1 2 1 2 1 1 0 0 0 0 0 0 0 0 0 0 0 0 0 0 0 0 0 224
169 2 24 1 1 2 1 9 1 1 5 3 1 1 2 1 0 0 0 0 0 0 0 0 0 0 0 0 0 0 224
169 24 9 5 2 3 1 1 2 2 1 1 1 1 1 1 0 0 0 0 0 0 0 0 0 0 0 224
170 23 9 2 2 5 1 1 2 1 1 1 3 1 1 1 0 0 0 0 0 0 0 0 0 0 0 0 0 0 0 224
167 26 9 3 5 2 1 1 1 1 2 1 1 1 2 1 0 0 0 0 0 0 0 0 0 0 0 0 0 0 0 0 224
169 9 24 1 3 1 1 1 2 5 1 2 1 1 1 2 0 0 0 0 0 0 0 0 0 0 0 0 0 0 0 0 0 0 0 0 0 0 224
168 25 9 5 1 2 1 2 1 3 1 1 1 1 2 1 0 0 0 0 0 0 0 0 0 0 0 0 0 0 0 0 0 224
169 24 2 1 2 9 3 1 1 1 1 5 1 1 1 2 0 0 0 0 0 0 224
169 1 5 24 1 1 9 2 3 1 2 1 1 1 1 2 0 0 0 0 0 0 0 0 0 0 0 0 0 0 224
169 24 9 1 1 1 1 2 5 2 3 1 2 1 1 1 0 0 0 0 0 0 0 0 0 0 0 0 0 0 0 0 0 0 0 0 0 0 0 0 0 0 224
169 24 3 2 9 1 5 2 1 2 1 1 1 1 1 1 0 0 0 0 0 0 0 0 0 0 0 0 0 0 0 0 224
170 3 23 9 1 2 1 1 5 2 1 2 1 1 1 1 0 0 0 0 0 0 0 0 0 0 0 0 0 0 0 0 0 0 0 0 0 224
170 1 1 9 5 23 1 3 1 2 2 1 1 1 1 2 0 0 0 0 0 0 0 0 0 0 0 0 0 0 0 0 0 0 0 0 0 0 0 0 0 224
169 24 9 3 2 2 1 1 5 1 2 1 1 1 1 1 0 0 0 0 0 0 0 0 0 0 0 224
170 23 5 9 1 3 1 2 2 1 1 2 1 1 1 1 0 0 0 0 0 0 0 0 0 0 0 0 0 0 0 0 0 0 0 0 0 0 0 0 0 0 0 0 0 0 0 0 224
170 23 2 2 9 3 1 5 1 1 1 1 2 1 1 1 0 0 0 0 0 0 0 0 0 0 0 0 0 0 0 224
169 5 3 24 9 1 1 2 1 1 1 1 2 1 1 2 0 0 0 0 0 0 224
168 1 25 1 2 1 5 2 3 9 1 1 1 2 1 1 0 0 0 0 0 0 0 0 0 0 0 0 0 0 0 0 224
170 1 23 3 1 5 1 2 9 1 2 1 2 1 1 1 0 0 0 0 0 0 0 0 0 0 0 0 0 0 0 0 0 0 0 0 0 0 0 0 0 224
5 169 24 9 1 3 1 2 2 1 1 1 1 2 1 1 0 0 0 0 0 0 0 0 224
167 9 26 1 3 2 1 2 1 2 1 5 1 1 1 1 0 0 0 0 0 0 0 0 0 0 0 0 0 0 224
169 24 5 9 3 2 2 1 1 1 1 1 2 1 1 1 0 0 0 0 0 0 0 0 0 0 0 0 0 0 0 0 0 0 0 0 0 0 0 0 0 0 224
166 2 27 9 5 1 1 1 2 1 2 1 3 1 1 1 0 0 0 0 0 0 0 0 0 0 0 0 0 224
170 23 9 1 5 1 2 3 2 1 1 2 1 1 1 1 0 0 0 0 0 0 0 0 0 0 0 0 0 0 0 0 0 0 224
170 23 5 9 2 1 3 1 2 1 1 2 1 1 1 1 0 0 0 0 0 0 0 0 0 0 0 0 0 0 224
169 24 2 2 5 9 2 3 1 1 1 1 1 1 1 1 0 0 0 0 0 0 0 0 0 0 0 0 0 0 0 224
170 9 23 1 3 2 5 1 2 1 1 1 1 2 1 1 0 0 0 0 0 0 0 0 0 0 0 0 0 224
169 5 24 2 1 9 1 3 1 1 1 1 1 2 1 2 0 0 0 0 0 0 0 0 0 0 0 0 0 0 0 0 224
169 9 1 5 1 2 24 1 1 3 1 2 1 1 2 1 0 0 0 0 0 0 0 0 0 0 0 0 0 224
169 24 1 9 1 3 2 5 1 2 1 1 1 2 1 1 0 0 0 0 0 0 0 0 0 0 0 0 0 0 224
167 5 26 3 1 9 2 2 1 1 2 1 1 1 1 1 0 0 0 0 0 0 0 0 0 0 0 0 0 0 0 0 0 0 0 224
171 22 5 1 1 3 9 1 2 2 1 1 2 1 1 1 0 0 0 0 0 0 0 0 0 0 0 0 224
169 9 5 24 1 2 1 2 1 1 3 2 1 1 1 1 0 0 0 0 0 0 0 0 0 0 0 224
169 24 1 2 9 2 2 1 1 5 1 1 1 1 1 3 0 0 0 0 0 0 0 0 0 0 0 0 0 0 0 0 0 0 224
167 26 2 9 1 1 2 5 1 3 1 1 1 1 2 1 0 0 0 0 0 0 0 0 0 0 0 0 0 0 0 0 0 0 0 0 0 224
169 9 1 24 5 1 1 2 1 1 1 2 2 1 3 1 0 0 0 0 0 0 0 0 0 0 0 0 0 0 0 0 224
170 1 23 5 1 9 1 3 1 2 1 2 1 2 1 1 0 0 0 0 0 0 0 0 0 0 0 0 0 0 0 224
168 1 1 25 3 2 1 5 1 9 2 2 1 1 1 1 0 0 0 0 0 0 0 224
169 1 1 24 9 1 1 5 3 2 2 1 2 1 1 1 0 0 0 0 0 0 0 0 0 0 0 224
170 9 3 23 5 1 2 2 1 1 1 1 1 2 1 1 0 0 0 0 0 0 0 0 0 0 0 0 0 0 0 0 224
171 5 22 1 3 2 1 1 9 2 2 1 1 1 1 1 0 0 0 0 0 0 0 0 0 0 0 0 0 0 0 0 0 0 0 0 224
169 24 2 1 9 5 1 1 1 2 1 2 1 3 1 1 0 0 0 0 0 0 0 0 0 0 0 0 0 0 0 224
169 24 1 5 2 2 9 1 1 3 1 1 2 1 1 1 0 0 0 0 0 0 0 0 0 0 0 0 0 0 0 0 0 224
169 3 2 24 9 1 5 2 1 1 1 2 1 1 1 1 0 0 0 0 0 0 0 0 0 0 0 0 0 0 0 0 0 0 224
170 23 5 1 3 9 1 2 1 1 2 1 1 1 2 1 0 0 0 224
169 2 9 5 24 1 2 1 2 1 3 1 1 1 1 1 0 0 0 0 0 0 0 0 0 0 0 0 0 0 0 224
169 9 1 24 5 1 1 2 1 1 3 1 1 1 2 2 0 0 0 0 0 0 0 0 0 0 0 0 0 0 0 0 224
169 24 5 9 1 3 1 1 2 2 1 2 1 1 1 1 0 0 0 0 0 0 0 0 0 0 0 0 0 0 0 0 0 0 0 0 0 0 0 0 0 0 0 0 0 0 0 224
170 23 2 5 9 2 1 1 1 1 2 1 1 3 1 1 0 0 0 0 0 0 0 0 0 0 0 0 0 0 0 224
171 22 9 1 2 1 1 3 5 2 1 1 2 1 1 1 0 0 0 0 224
170 3 23 9 5 2 1 1 2 1 1 1 1 2 1 1 0 0 0 0 0 0 0 0 0 0 0 0 0 0 0 0 0 224
169 5 9 1 24 1 1 1 2 1 1 2 1 1 2 3 0 0 0 0 0 0 0 0 0 0 0 0 224
165 28 5 3 2 1 9 1 2 2 1 1 1 1 1 1 0 0 0 0 0 0 0 0 0 0 0 0 0 0 0 0 0 0 0 0 0 0 0 0 0 0 0 0 0 0 0 0 224
169 24 9 5 3 1 1 1 2 1 1 2 2 1 1 1 0 0 0 0 0 0 0 0 0 0 0 0 0 0 0 0 0 0 0 0 0 0 0 0 224
168 1 25 2 9 1 1 3 5 1 1 1 1 2 1 2 0 0 0 0 0 0 0 0 0 0 0 0 0 0 0 0 0 0 0 0 0 0 0 0 0 0 0 0 224
9 165 28 2 1 2 2 3 1 5 1 1 1 1 1 1 0 0 0 0 0 0 0 0 0 0 0 0 0 0 0 224
169 24 9 1 1 2 1 1 5 2 1 2 3 1 1 1 0 0 0 0 0 0 0 0 0 0 0 0 0 0 0 224
170 1 23 1 3 2 2 9 5 1 1 1 1 2 1 1 0 0 0 0 0 0 0 0 0 224
168 25 5 9 1 3 1 2 1 1 1 2 1 1 1 2 0 0 0 0 0 0 0 0 0 0 0 0 0 0 0 0 0 0 224
171 22 1 1 9 3 1 2 5 1 1 2 1 1 2 1 0 0 0 0 0 0 0 0 0 0 0 0 0 0 0 224
169 24 1 3 5 2 9 1 1 2 1 1 1 2 1 1 0 0 0 0 0 0 0 0 0 0 0 224
170 1 5 1 23 1 9 2 1 1 3 1 2 2 1 1 0 0 0 0 0 0 0 0 0 224
169 24 1 9 5 1 2 3 2 1 1 1 1 1 2 1 0 0 0 0 0 0 0 0 0 0 0 0 0 0 0 0 0 0 0 0 0 0 224
2 166 27 2 5 9 1 3 1 2 1 1 1 1 1 1 0 0 0 0 0 0 0 224
168 5 9 25 1 2 2 1 1 3 2 1 1 1 1 1 0 0 0 0 0 0 0 0 0 224
169 24 3 5 1 1 2 1 9 2 2 1 1 1 1 1 0 0 0 0 0 0 0 0 0 0 224
169 24 5 9 3 1 2 1 1 1 2 1 1 2 1 1 0 0 0 0 0 0 0 0 0 0 0 0 0 0 0 0 0 0 224
170 9 23 1 5 1 1 1 2 2 1 1 2 3 1 1 0 0 0 0 0 0 0 0 0 0 0 0 224
168 2 1 25 9 3 1 5 1 1 1 2 1 1 2 1 0 0 0 0 0 0 0 0 0 0 0 0 0 0 0 0 0 0 0 0 0 0 0 0 0 0 224
166 27 5 2 2 1 1 9 1 3 1 1 1 2 1 1 0 0 0 0 0 0 0 0 0 0 0 0 0 0 0 0 0 0 224
3 169 1 24 9 1 1 2 1 1 1 5 1 1 2 2 0 0 0 0 0 0 0 0 0 0 0 0 0 0 0 0 224
169 24 2 2 9 3 1 5 1 1 1 1 1 2 1 1 0 0 0 0 0 0 0 0 0 0 0 0 0 0 0 0 0 224
169 24 5 1 2 1 9 2 1 1 1 3 1 1 2 1 0 0 0 0 0 0 0 0 0 0 0 0 224
170 9 23 1 1 2 5 2 1 3 2 1 1 1 1 1 0 0 0 0 0 0 0 0 0 0 0 0 0 0 0 0 224
170 5 23 1 1 9 2 3 1 1 1 1 1 1 2 2 0 0 0 0 0 0 0 0 0 0 0 0 0 0 0 0 224
168 25 1 1 1 2 9 1 1 5 3 1 1 2 2 1 0 0 0 0 0 0 0 0 0 224
170 23 9 1 2 5 1 2 1 1 2 1 3 1 1 1 0 0 0 0 0 0 0 0 0 0 0 0 0 0 224
169 5 24 2 1 1 9 2 2 3 1 1 1 1 1 1 0 0 0 0 0 0 0 224
168 25 1 3 9 5 2 1 2 1 1 1 1 2 1 1 0 0 0 0 0 0 0 0 0 0 0 0 0 0 0 0 0 224
171 22 3 2 9 2 1 5 1 1 1 1 1 2 1 1 0 0 0 0 0 0 0 0 0 0 0 0 224
165 28 9 5 3 1 1 2 1 2 1 1 2 1 1 1 0 0 0 0 0 0 0 0 0 0 0 0 0 0 0 0 0 0 0 0 0 0 0 0 0 0 0 0 0 0 224
170 23 1 5 1 3 2 2 1 1 1 9 1 1 1 2 0 0 0 0 0 0 0 0 0 0 0 0 0 0 0 0 0 0 224
166 2 27 9 2 3 1 1 1 1 5 1 1 1 2 1 0 0 0 0 0 0 0 0 0 224
168 2 1 25 9 2 1 5 3 1 1 1 1 1 1 2 0 0 0 0 0 0 0 0 0 0 0 0 0 0 0 0 224
170 23 2 9 1 1 5 3 1 2 1 1 1 2 1 1 0 0 0 0 0 0 0 0 0 0 0 0 224
169 3 24 5 2 1 9 1 1 1 1 2 1 2 1 1 0 0 0 0 0 0 0 0 0 224
169 1 9 24 1 2 5 1 1 2 3 1 2 1 1 1 0 0 0 0 0 0 0 0 0 0 0 0 0 0 0 0 224
170 23 5 2 9 1 1 2 1 3 1 1 1 1 1 2 0 0 0 0 0 0 0 0 0 0 0 0 0 0 0 0 0 0 0 0 0 0 0 0 0 224
170 23 1 1 3 5 9 1 1 1 2 2 1 2 1 1 0 0 0 0 0 0 0 0 0 0 0 0 0 0 0 0 0 0 224
169 9 1 2 24 1 5 1 3 1 1 1 1 2 1 2 0 0 0 0 0 0 0 0 0 0 0 0 0 0 0 0 0 0 0 224
170 2 23 5 2 9 1 1 1 3 2 1 1 1 1 1 0 0 0 0 0 0 0 0 0 0 0 0 0 224
170 23 9 3 2 2 1 1 2 1 5 1 1 1 1 1 0 0 0 0 0 0 0 0 0 0 0 0 0 224
168 25 2 1 2 1 5 1 9 1 3 1 1 2 1 1 0 0 0 0 0 0 0 0 0 0 0 0 0 0 0 0 0 0 0 0 0 0 224
170 23 2 9 2 1 1 1 2 1 1 5 1 1 1 3 0 0 0 0 0 0 0 0 0 0 224
170 23 1 5 3 9 1 1 1 1 2 1 1 2 1 2 0 0 0 0 0 0 0 0 0 0 0 0 0 0 0 0 0 0 0 0 0 0 0 0 0 0 0 224
168 1 25 5 9 3 1 2 1 1 2 2 1 1 1 1 0 0 0 0 0 0 0 0 0 0 0 224
169 24 9 1 2 1 1 1 2 2 5 1 3 1 1 1 0 0 0 0 0 0 0 0 0 0 0 0 0 0 0 0 0 0 0 0 0 0 0 0 0 0 224
169 24 9 5 2 1 2 1 1 1 1 1 3 1 1 2 0 0 0 0 0 0 0 0 0 224
169 9 1 1 24 1 5 3 2 1 2 2 1 1 1 1 0 0 0 0 0 0 0 0 0 0 0 0 0 0 224
25 168 3 9 2 1 1 1 5 2 2 1 1 1 1 1 0 0 0 0 0 0 0 0 0 0 0 0 0 0 0 0 0 0 0 0 0 0 0 0 0 0 0 0 0 0 224
169 5 24 9 1 3 2 2 1 1 1 2 1 1 1 1 0 0 0 0 0 0 0 0 0 224
169 2 9 24 1 1 5 1 2 2 1 1 1 1 1 3 0 0 0 0 0 0 0 0 0 0 0 0 0 0 0 0 0 0 0 0 0 0 0 0 0 0 0 0 0 0 224
169 24 9 5 2 1 1 2 3 1 1 2 1 1 1 1 0 0 0 0 0 0 0 0 0 0 0 0 0 0 0 0 0 0 0 0 0 224
169 24 9 5 2 2 1 2 1 1 1 3 1 1 1 1 0 0 0 0 0 0 0 0 0 0 0 0 0 0 0 0 0 0 0 0 0 0 0 0 0 0 0 0 0 0 0 0 0 224
169 5 1 24 3 2 2 9 1 1 1 1 1 2 1 1 0 0 0 0 0 0 0 0 0 0 0 0 0 0 0 0 0 0 0 0 0 0 224
1 169 1 3 2 24 1 1 9 1 5 1 1 2 2 1 0 0 0 0 0 0 0 0 224
169 24 9 1 5 2 1 3 1 1 2 1 1 2 1 1 0 0 0 0 0 0 0 0 0 0 0 0 0 0 0 0 224
169 24 1 1 2 5 3 9 2 2 1 1 1 1 1 1 0 0 0 0 0 0 0 0 0 0 0 0 0 0 224
169 1 24 5 2 9 2 3 1 1 2 1 1 1 1 1 0 0 0 0 0 0 0 0 0 0 0 0 0 224
168 25 1 2 5 1 9 2 2 3 1 1 1 1 1 1 0 0 0 0 0 0 0 0 0 0 0 0 0 0 0 0 0 0 0 0 0 0 0 224
169 9 24 2 3 1 1 1 2 5 1 1 1 2 1 1 0 0 0 0 0 0 0 0 0 0 0 0 0 0 0 0 0 0 0 0 0 0 0 0 0 0 224
168 9 1 25 2 1 3 5 2 1 1 1 1 1 1 2 0 0 0 0 0 0 0 0 0 0 0 0 0 0 0 0 0 0 0 0 0 0 224
169 3 9 1 24 2 1 1 1 5 1 2 1 2 1 1 0 0 0 0 0 0 224
170 23 1 9 2 1 5 1 2 1 1 1 1 1 2 3 0 0 0 0 0 0 0 0 0 0 0 0 0 224
170 23 9 1 1 2 1 5 1 1 2 1 1 2 1 3 0 0 0 0 0 0 0 0 0 0 0 0 0 0 0 224
169 1 1 24 1 3 9 5 1 2 2 1 1 1 1 2 0 0 0 0 0 0 0 0 0 0 0 224
170 23 1 9 2 2 1 5 3 1 1 1 2 1 1 1 0 0 0 0 0 0 0 0 0 0 224
168 25 2 5 1 2 9 1 1 1 1 1 3 2 1 1 0 0 0 0 0 0 0 0 0 0 0 0 0 0 0 224
170 23 9 2 1 3 1 2 1 1 1 1 5 2 1 1 0 0 0 0 0 0 0 0 0 0 0 0 0 0 0 0 0 0 224
167 5 26 9 2 2 1 1 1 1 1 3 2 1 1 1 0 0 0 224
167 9 26 2 3 1 1 1 1 2 5 1 1 2 1 1 0 0 0 0 0 0 0 0 0 0 0 0 0 0 0 0 0 0 0 0 0 0 0 0 224
168 25 9 1 1 2 5 3 1 2 1 2 1 1 1 1 0 0 0 0 0 0 0 0 0 0 0 0 0 0 224
170 1 23 2 5 9 1 1 2 1 1 2 3 1 1 1 0 0 0 0 0 0 0 0 0 0 0 0 0 0 0 0 224
169 24 1 2 9 2 5 1 1 1 1 1 3 1 2 1 0 0 0 0 0 0 0 0 0 0 0 0 0 0 0 0 224
169 3 2 9 24 5 2 1 1 1 1 1 1 2 1 1 0 0 0 0 0 0 0 0 0 0 0 0 0 0 0 0 0 0 224
169 24 9 2 1 2 1 1 2 1 3 5 1 1 1 1 0 0 0 0 0 0 0 0 0 0 0 0 0 0 0 0 0 0 0 0 0 0 0 0 0 0 224
24 169 2 5 1 1 3 2 9 1 2 1 1 1 1 1 0 0 0 0 0 0 0 0 0 0 0 224
9 169 24 5 1 1 1 2 3 1 2 1 2 1 1 1 0 0 0 0 0 0 0 0 0 0 0 224
169 9 2 24 5 1 1 1 3 1 1 1 1 2 1 2 0 0 0 0 0 0 0 0 0 0 0 0 0 0 0 224
169 9 24 1 1 5 2 1 1 2 3 1 1 1 1 2 0 0 0 224
168 25 1 3 5 1 9 1 1 2 1 2 1 1 2 1 0 0 0 0 0 0 0 0 0 0 0 0 0 0 0 0 0 224
170 2 9 23 1 2 1 2 1 1 1 3 1 1 5 1 0 0 0 0 0 0 0 0 0 0 0 0 0 224
171 2 2 2 22 5 1 1 9 1 1 1 1 1 1 3 0 0 0 0 0 224
171 5 22 9 1 2 3 2 1 2 1 1 1 1 1 1 0 0 0 0 0 0 0 0 0 0 0 0 0 0 0 0 0 0 0 0 224
169 24 9 5 1 3 2 1 1 1 2 1 1 2 1 1 0 0 0 0 0 0 0 0 0 0 0 0 224
169 24 1 5 1 2 3 2 2 1 1 9 1 1 1 1 0 0 0 0 0 0 0 0 0 0 0 0 0 0 0 0 0 0 0 0 0 0 0 0 0 0 0 224
169 1 24 1 9 2 1 2 5 3 1 1 2 1 1 1 0 0 0 0 0 0 0 0 0 0 0 0 0 0 0 0 0 0 0 0 0 0 0 0 0 224
170 23 5 1 1 9 3 1 1 2 1 1 1 2 2 1 0 0 0 0 0 0 0 0 0 0 0 0 0 0 0 0 0 0 224
169 24 1 3 9 1 2 2 5 2 1 1 1 1 1 1 0 0 0 0 0 0 0 0 0 0 0 0 0 0 0 0 0 0 0 0 0 224
168 2 9 25 1 5 2 1 3 1 1 2 1 1 1 1 0 0 0 0 0 0 0 0 0 0 0 0 0 0 0 0 0 0 0 0 0 224
168 25 9 1 3 1 1 1 5 2 1 2 2 1 1 1 0 0 0 0 0 0 0 0 0 0 0 0 0 0 0 0 0 0 0 0 0 0 0 0 0 0 0 0 0 0 0 0 0 0 0 0 0 224
169 24 5 9 1 1 3 1 1 2 2 1 1 2 1 1 0 0 0 0 0 0 0 0 0 0 0 0 0 0 0 0 0 0 0 0 224
168 25 1 9 5 1 2 1 1 1 2 2 1 3 1 1 0 0 0 0 0 0 0 0 0 0 0 0 0 0 0 0 0 0 0 0 0 0 0 0 0 0 224
169 5 9 2 24 2 1 1 1 3 1 1 2 1 1 1 0 0 0 0 0 0 0 0 0 0 0 0 0 0 0 0 0 0 0 0 0 0 0 224
170 23 5 2 2 9 2 1 1 1 3 1 1 1 1 1 0 0 0 0 0 0 0 0 0 0 0 0 0 0 0 224
170 23 2 3 9 1 1 1 1 5 2 1 1 1 2 1 0 0 0 0 0 0 0 0 0 0 224
169 3 24 9 5 1 1 2 2 1 1 1 1 1 2 1 0 0 0 0 0 0 0 0 0 0 0 0 0 0 0 0 0 0 0 0 0 0 0 224
168 25 9 5 3 1 1 1 2 2 2 1 1 1 1 1 0 0 0 0 0 0 0 0 0 0 0 0 0 0 0 0 224
166 27 3 9 2 2 5 1 1 1 1 2 1 1 1 1 0 0 0 0 0 0 0 0 0 0 0 0 0 0 0 0 0 0 0 0 0 0 0 0 0 0 224
170 23 1 1 9 1 5 1 2 1 2 1 1 1 2 3 0 0 0 0 0 0 0 0 0 0 0 224
170 3 23 5 1 1 9 2 1 2 1 1 2 1 1 1 0 0 0 0 0 0 0 0 0 0 0 0 0 0 0 0 0 0 0 0 0 0 0 0 0 0 0 0 0 0 224
169 24 1 9 5 2 1 2 1 1 3 1 1 1 2 1 0 0 0 0 0 0 0 0 0 224
169 2 2 24 2 1 9 3 1 1 1 1 5 1 1 1 0 0 0 0 0 0 0 0 0 0 0 0 0 224
169 24 9 1 5 2 1 1 2 1 1 1 2 1 1 3 0 0 0 0 0 0 0 0 0 0 0 0 0 0 0 0 0 0 224
171 9 22 3 2 1 1 1 1 1 5 1 2 1 2 1 0 0 0 0 0 0 0 0 0 0 224
9 168 2 25 5 2 1 3 2 1 1 1 1 1 1 1 0 0 0 0 0 0 0 0 0 0 0 0 0 0 0 0 0 224
168 9 25 1 5 1 1 2 1 2 2 3 1 1 1 1 0 0 0 0 0 0 0 0 0 0 0 0 0 0 0 224
169 3 24 1 9 2 2 1 5 1 1 1 1 1 1 2 0 0 0 0 0 0 0 0 0 0 0 0 0 0 0 0 224
169 24 9 5 1 3 1 1 1 1 2 2 2 1 1 1 0 0 0 0 0 0 0 0 0 0 0 0 0 0 0 0 0 0 0 0 0 0 0 0 224
169 24 2 9 1 1 1 5 1 1 2 3 1 1 1 2 0 0 0 0 0 0 0 0 0 0 0 0 0 0 0 0 0 0 0 0 0 224
169 1 9 1 24 3 2 5 1 1 1 1 2 2 1 1 0 0 0 0 0 0 0 0 0 0 0 0 0 0 0 0 0 224
170 23 9 3 1 5 2 2 1 1 1 2 1 1 1 1 0 0 0 0 0 0 0 0 0 0 0 0 224
170 23 1 9 1 1 1 1 2 5 3 1 2 1 1 2 0 0 0 0 0 0 0 0 0 0 0 0 0 0 0 224
169 24 1 1 1 3 9 5 1 2 2 1 1 2 1 1 0 0 0 0 0 0 0 0 0 0 0 0 0 0 0 0 0 0 0 0 0 0 0 0 0 0 0 0 0 224
169 5 3 24 9 1 2 1 1 2 1 1 1 2 1 1 0 0 0 0 0 0 0 0 0 0 0 0 0 224
168 25 1 1 1 1 9 1 3 2 2 2 5 1 1 1 0 0 0 0 0 0 0 0 0 0 0 0 0 0 0 0 0 0 0 0 0 0 0 0 224
168 2 5 9 25 2 1 1 1 1 1 3 2 1 1 1 0 0 0 0 0 0 0 0 0 0 0 0 0 0 224
166 27 1 9 3 2 2 1 1 1 2 5 1 1 1 1 0 0 0 0 0 0 0 0 0 0 0 0 0 0 0 0 0 0 0 0 224
170 23 1 1 2 2 9 1 1 5 1 2 1 1 1 3 0 0 0 0 0 0 0 0 0 0 0 0 0 0 0 0 0 0 0 0 0 0 224
169 1 1 24 9 1 2 5 1 2 1 1 2 1 3 1 0 0 0 0 0 0 0 0 0 0 224
170 23 3 2 5 2 1 9 1 1 1 1 1 1 2 1 0 0 0 0 0 0 0 0 0 0 0 0 224
170 23 9 5 2 3 2 1 1 1 1 2 1 1 1 1 0 0 0 0 0 0 0 0 0 0 0 0 0 0 0 0 0 224
169 24 9 2 1 1 1 5 1 1 3 1 2 1 1 2 0 0 0 0 0 0 0 0 0 0 0 0 0 0 0 0 0 0 224
168 25 5 2 2 3 9 1 1 2 1 1 1 1 1 1 0 0 0 0 0 0 0 0 0 0 0 0 0 0 0 0 0 0 0 224
168 5 25 2 9 1 1 1 3 1 1 1 1 2 1 2 0 0 0 0 0 0 0 0 0 0 224
169 24 5 1 1 1 1 1 1 1 2 3 2 9 2 1 0 0 0 0 0 0 0 0 0 0 0 0 0 0 0 0 0 0 0 224
169 1 24 9 1 1 2 5 1 2 1 1 1 1 2 3 0 0 0 0 0 0 0 0 0 0 0 0 0 0 0 0 224
168 9 25 2 5 1 1 2 1 3 2 1 1 1 1 1 0 0 0 0 0 0 0 0 0 0 0 0 0 0 0 0 0 0 0 0 0 0 0 0 0 0 0 0 224
168 25 9 5 1 1 2 1 2 1 1 3 2 1 1 1 0 0 0 0 0 0 0 0 0 0 0 0 0 0 0 224
169 2 24 1 1 1 1 3 2 9 1 5 1 1 1 2 0 0 0 0 0 0 0 0 0 0 0 0 0 224
167 9 26 2 5 3 1 1 2 2 1 1 1 1 1 1 0 0 0 0 0 0 0 0 0 0 0 0 224
169 24 1 1 1 9 2 5 3 1 1 2 1 1 2 1 0 0 0 0 0 0 0 0 0 0 224
167 5 26 2 3 2 9 1 1 2 1 1 1 1 1 1 0 0 0 0 0 0 0 0 0 0 0 0 0 0 0 0 0 0 0 0 0 224
169 9 24 1 5 1 1 2 2 1 1 3 1 1 2 1 0 0 0 0 0 0 0 0 0 0 0 0 0 0 0 0 0 0 0 224
169 24 5 3 9 2 1 1 2 1 1 1 1 2 1 1 0 0 0 0 0 0 0 0 0 0 0 0 0 0 0 0 0 0 0 0 0 0 0 0 224
169 1 5 9 24 1 1 1 3 1 1 2 1 2 1 2 0 0 0 0 0 0 0 0 0 0 0 0 0 0 0 0 224
24 169 9 1 1 1 1 1 2 1 2 3 2 1 5 1 0 0 0 0 0 0 0 0 0 0 0 0 0 0 0 0 0 0 0 0 0 0 0 0 0 0 224
169 1 1 2 24 1 1 9 3 5 1 2 1 1 2 1 0 0 0 0 0 0 0 0 0 0 0 0 0 0 0 0 0 0 0 224
169 5 1 24 2 9 2 1 2 1 1 3 1 1 1 1 0 0 0 0 0 0 0 0 0 0 0 0 0 0 0 0 224
169 24 1 5 3 2 9 1 1 2 2 1 1 1 1 1 0 0 0 0 0 0 0 0 0 0 0 0 0 0 0 0 0 0 0 0 224
168 1 9 25 1 5 3 2 1 1 2 2 1 1 1 1 0 0 0 0 0 0 0 0 0 0 0 0 0 0 0 0 0 0 0 0 0 0 0 0 0 0 0 0 224
1 169 3 24 2 9 1 5 1 2 1 2 1 1 1 1 0 0 0 0 0 0 0 0 0 0 0 0 0 0 0 0 0 0 0 0 0 0 224
169 24 2 1 3 1 9 1 5 1 1 2 1 1 1 2 0 0 0 0 0 0 0 0 0 0 0 0 0 0 0 0 224
170 23 2 2 1 9 3 5 1 1 2 1 1 1 1 1 0 0 0 0 0 0 0 0 0 0 0 0 0 0 0 0 0 0 224
167 3 26 9 1 1 1 1 2 1 5 2 1 1 2 1 0 0 0 0 0 0 0 0 0 0 0 0 0 0 0 0 0 0 0 224
170 23 1 9 2 3 2 1 1 2 1 1 1 5 1 1 0 0 0 0 0 0 0 0 0 0 0 0 0 0 0 0 0 224
170 23 3 9 2 1 5 2 1 1 1 1 2 1 1 1 0 0 0 0 0 0 0 0 0 0 0 0 0 0 0 0 0 0 0 0 0 0 0 0 0 224
169 24 9 5 1 3 1 1 1 2 1 1 2 1 2 1 0 0 0 0 0 0 0 0 0 0 0 0 224
170 23 1 9 3 2 1 1 1 2 5 2 1 1 1 1 0 0 0 0 0 0 0 0 0 0 0 0 0 0 0 0 224
169 1 24 1 9 2 2 5 1 3 1 2 1 1 1 1 0 0 0 0 0 0 0 0 0 0 0 0 0 0 224
169 24 9 1 2 1 5 3 1 2 1 1 1 1 2 1 0 0 0 0 0 0 0 0 0 0 0 0 0 0 0 0 0 224
170 24 9 1 2 1 1 1 2 2 1 1 1 3 5 0 0 0 0 0 0 0 0 0 0 0 0 0 0 0 0 0 224
171 2 23 3 2 5 1 1 1 1 9 1 1 1 2 0 0 0 0 0 0 0 0 0 0 0 0 0 0 224
169 25 1 9 5 2 1 3 2 1 1 1 2 1 1 0 0 0 0 0 0 0 0 0 0 0 0 0 0 0 0 0 0 0 224
171 23 5 9 1 2 1 1 1 2 1 3 2 1 1 0 0 0 0 0 0 0 0 0 0 0 0 0 0 0 224
170 1 2 24 9 5 3 1 1 1 2 1 1 1 2 0 0 0 0 0 0 0 0 0 0 0 0 0 0 0 0 0 0 0 0 0 0 0 0 0 0 0 0 0 224
170 2 24 1 5 9 2 1 3 1 1 1 1 2 1 0 0 0 0 0 0 0 0 0 0 0 0 0 0 224
170 3 1 24 1 2 1 5 1 2 9 2 1 1 1 0 0 0 0 0 0 0 0 0 0 0 0 0 0 0 0 0 0 224
170 2 1 24 1 9 2 5 2 1 1 3 1 1 1 0 0 0 0 0 0 0 0 0 0 0 0 0 0 0 224
169 5 2 25 9 1 1 1 2 1 3 1 1 2 1 0 0 0 0 0 0 0 0 0 0 0 0 0 0 0 0 0 224
170 24 9 3 5 1 1 2 1 1 2 2 1 1 1 0 0 0 0 0 0 0 0 0 0 0 0 0 0 0 224
169 5 25 1 3 9 1 2 1 1 2 1 1 2 1 0 0 0 0 0 0 0 0 0 0 0 0 0 0 0 0 0 0 0 0 0 0 0 0 0 224
170 2 24 1 1 1 1 1 3 9 2 1 2 5 1 0 0 0 0 0 0 0 0 0 0 224
170 1 9 5 1 1 2 1 24 3 1 2 2 1 1 0 0 0 0 0 0 0 0 0 0 0 0 0 0 0 0 0 0 0 0 0 0 0 0 0 0 0 0 0 0 0 224
24 170 1 1 5 9 3 1 1 1 2 1 2 1 2 0 0 0 0 0 0 0 0 0 0 0 0 0 0 0 0 0 0 224
170 9 24 5 2 1 1 1 2 3 1 2 1 1 1 0 0 0 0 0 0 0 0 0 0 0 0 0 224
170 3 2 2 24 1 9 5 1 2 1 1 1 1 1 0 0 0 0 0 0 0 0 0 0 0 0 0 0 0 0 0 0 0 0 0 0 0 0 0 0 0 0 0 0 0 0 0 0 0 0 0 224
170 24 5 9 1 1 3 2 1 2 1 1 1 1 2 0 0 0 0 0 0 0 0 0 0 0 0 0 0 0 0 0 0 0 0 0 0 0 0 0 0 0 0 0 0 0 0 0 0 0 0 0 0 0 0 0 224
171 23 9 1 1 5 1 3 1 2 2 1 1 1 2 0 0 0 0 0 0 0 0 0 0 0 0 0 0 0 0 0 0 0 0 224
169 9 25 1 5 1 3 2 1 2 1 2 1 1 1 0 0 0 0 0 224
170 24 2 1 1 5 3 1 9 1 1 1 1 2 2 0 0 0 0 0 0 0 0 0 0 0 0 0 0 0 0 0 0 0 0 0 0 0 0 0 224
171 5 2 23 2 9 3 1 1 1 1 1 1 2 1 0 0 0 0 0 0 0 0 0 0 0 0 0 0 0 0 224
170 24 9 2 1 5 1 2 3 1 1 1 2 1 1 0 0 0 0 0 0 0 0 0 0 224
171 23 9 2 5 1 2 2 1 1 1 1 3 1 1 0 0 0 0 0 0 0 0 0 0 0 0 0 0 0 0 224
170 9 5 24 1 1 1 1 2 2 3 1 2 1 1 0 0 0 0 0 0 0 0 0 0 0 224
171 1 23 1 9 1 1 5 3 2 1 1 2 2 1 0 0 0 0 0 0 0 0 0 0 0 0 0 0 0 0 0 0 0 224
171 23 9 2 5 1 2 1 1 1 2 1 1 3 1 0 0 0 0 0 0 0 0 0 0 0 0 0 0 0 0 0 224
170 24 5 9 1 1 2 1 1 1 2 2 1 1 3 0 0 0 0 0 0 0 0 0 0 0 0 0 224
170 9 1 24 1 2 2 5 1 1 2 3 1 1 1 0 0 0 0 0 0 0 0 0 0 0 0 0 0 0 0 0 0 0 0 0 0 0 0 0 0 0 0 224
171 23 2 5 9 1 1 2 1 1 1 1 2 3 1 0 0 0 0 0 0 0 0 0 0 0 0 0 0 0 0 0 224
171 1 23 1 1 2 9 3 1 1 2 5 2 1 1 0 0 0 0 0 0 0 0 0 0 224
169 25 2 9 5 2 1 3 1 1 2 1 1 1 1 0 0 0 0 0 0 0 0 0 0 0 0 0 0 0 0 0 0 0 0 0 0 0 0 224
171 3 9 2 23 1 1 5 1 1 1 2 1 1 2 0 0 0 0 0 0 0 0 0 0 224
170 24 9 2 5 1 1 2 3 1 2 1 1 1 1 0 0 0 0 0 0 0 0 0 224
168 26 1 1 3 5 1 2 1 9 2 2 1 1 1 0 0 0 0 0 0 0 0 224
169 25 2 3 1 9 5 1 1 2 1 2 1 1 1 0 0 0 0 0 0 0 0 0 0 0 0 0 0 0 0 0 0 0 224
1 170 24 9 1 1 2 3 1 5 1 2 2 1 1 0 0 0 0 0 0 0 0 0 224
170 24 2 9 1 5 1 2 2 1 1 1 3 1 1 0 0 0 0 0 0 0 0 0 0 0 0 224
169 2 1 25 1 2 9 5 1 3 1 2 1 1 1 0 0 0 0 0 0 0 0 0 0 0 0 0 0 0 0 0 0 0 0 0 0 0 0 0 0 224
170 9 24 2 5 1 1 3 2 2 1 1 1 1 1 0 0 0 0 0 0 0 0 0 0 0 0 0 0 0 0 0 0 0 0 0 0 0 0 0 0 0 224
170 9 1 24 5 2 2 1 3 2 1 1 1 1 1 0 0 0 0 0 0 0 0 0 0 0 0 0 224
170 24 5 1 1 9 2 1 1 2 3 1 1 1 2 0 0 0 0 0 0 0 0 0 0 0 0 0 0 0 224
170 24 1 1 9 1 1 2 1 1 3 2 2 1 5 0 0 0 0 0 0 0 0 0 0 0 0 0 0 0 0 0 0 0 0 0 0 0 0 0 0 0 0 224
171 23 1 3 5 9 2 2 1 2 1 1 1 1 1 0 0 0 0 0 0 0 0 0 0 0 0 0 0 0 0 0 0 0 0 0 0 0 0 0 0 224
