224
12
logit-Dice_ET
logit-Dice_TC
logit-Dice_WT
log-Hausdorff95_ET
log-Hausdorff95_TC
log-Hausdorff95_WT
logit-Sensitivity_ET
logit-Sensitivity_TC
logit-Sensitivity_WT
logit-Specificity_ET
logit-Specificity_TC
logit-Specificity_WT
0
0 0.770197 1.152965 1.632607 2.087194 2.45999 0.3465739 0.5762329 0.9614793 2.082873 4.129212 4.177845 3.544822
0 0.7481801 1.18327 1.227663 1.098612 1.151293 1.282475 0.4760691 0.8873452 0.9489603 4.121547 4.470091 4.119649
0 1.315323 1.6853 1.748863 0.3465739 0.3465739 0.3465739 1.245192 1.640884 1.675583 4.241292 4.412465 3.690974
0 0.6958108 1.332816 1.162602 0.5493063 0.804719 1.319529 0.8195557 1.308636 1.252546 3.788337 4.171501 3.634732
0 0.8638266 1.847289 1.522936 0.804719 0 0.3465739 1.64481 1.926284 1.599784 4.336838 5.362223 4.104718
0 1.438602 1.571538 1.807704 0 0 0 1.180852 1.330437 1.681191 5.409879 5.409879 4.385965
0 1.133565 1.149439 1.57475 0.3465739 0.3465739 0.6931472 1.357869 1.50942 1.416888 5.224093 5.174871 4.005022
0 1.58374 2.225778 0.7670623 0 0 2.287356 1.265341 1.976431 0.4740179 5.934797 5.868031 4.210831
0 1.072086 1.896282 1.74167 0.3465739 0 0.3465739 0.9399646 2.024467 2.541505 4.144903 4.311187 3.305753
0 0.9289758 1.567317 1.364462 0.804719 0.804719 1.198948 0.7394322 1.396432 1.222085 3.897038 4.123452 3.530024
0 0.5154801 1.319566 1.266807 0.804719 0.5493063 1.856786 1.269832 1.300742 1.215091 3.781544 4.552935 4.45505
0 1.405609 1.303854 1.614935 0 0.804719 0.5493063 1.383291 1.051972 1.51393 4.1469 4.35774 3.79226
0 1.015346 0.920513 1.141641 0.8958798 1.445186 1.198948 0.841196 0.6079692 1.242686 4.229356 4.729362 3.476422
0 1.229093 1.500342 1.705798 0 0 0.3465739 1.040481 1.342135 2.208943 4.852288 4.972131 4.081368
0 1.169177 1.412946 1.141391 0.3465739 0.3465739 0.9035852 1.798804 2.030616 2.174339 3.948122 4.037703 3.19994
0 1.011384 1.250494 1.205803 0.8958798 1.545521 1.609438 0.7514144 0.9715577 1.143723 3.974345 4.108409 3.379951
0 0.5231974 0.5616275 0.8498211 1.791759 2.063567 1.892095 1.787442 1.858478 1.458732 3.48755 3.468106 2.968117
0 2.021065 2.493413 2.259378 0 0 0 1.838698 2.467932 2.671368 5.385484 5.362223 4.77638
0 1.857335 1.920689 1.837183 0 0 0 2.024378 1.938087 2.073848 4.735814 4.783473 4.236484
0 3.098354 1.377401 1.792483 -1.622072 0.3465739 0 4.184535 1.094344 3.532949 13.65964 5.174871 4.292107
0 1.823033 2.206148 2.042955 0 0 0 1.631578 2.11421 2.694918 4.886201 4.982658 3.816471
0 1.647777 2.071372 1.137895 0 0 2.998226 1.371792 1.903852 1.294167 5.278694 5.207142 3.577718
0 1.522463 1.89856 2.26508 0 0.3465739 0 1.194275 1.616262 2.447929 5.934797 5.553723 4.258497
0 1.947673 2.581935 2.121465 0 0 0 1.761264 2.445694 2.58344 5.050949 5.207142 3.840826
0 1.573382 1.732902 1.935505 0 0 0 1.671426 1.949777 1.727653 4.828282 4.742351 4.444059
0 1.8045 2.458074 1.596144 0 0 0.3465739 1.549773 2.220061 2.044094 5.49114 5.708802 3.647843
0 0.4935608 0.6781909 0.8823847 1.386294 1.282475 1.098612 0.1491952 0.3452879 0.7024143 6.907755 6.011873 4.692305
0 1.05057 1.144375 1.060058 0.804719 1.039721 1.098612 0.8042571 0.9183671 1.438979 4.868957 4.820529 3.464
0 3.098354 3.621856 0.8472384 -1.622072 -1.116559 1.647918 4.184535 5.085827 0.8447941 13.65964 14.22934 4.102883
0 1.829611 2.072544 1.77804 0 0 0 1.677359 3.62336 3.572612 6.214606 5.756458 4.217698
0 1.272027 1.762234 2.173902 0 0 0 1.17033 1.807116 2.602416 4.669043 4.828282 4.370088
0 0.7095204 0.8969305 1.427572 1.098612 1.319529 1.416607 1.376247 1.632396 1.560343 3.73553 3.830091 3.858496
0 1.191159 1.439098 1.010324 0 0.3465739 1.956012 1.423062 3.54123 0.8789043 4.625533 4.405708 3.82586
0 1.816856 1.97419 1.206956 0 0 0.5493063 1.844256 2.985735 1.447161 5.809138 5.625274 4.037703
0 1.130751 1.612401 1.299933 0 0 1.039721 1.318314 1.651608 1.132984 4.011084 4.331023 3.957624
0 1.800444 2.211967 2.019328 0 0 0 1.568169 2.029027 2.997497 4.641409 4.790668 3.776747
0 0.1659734 1.22061 1.061114 0.6931472 0.804719 1.098612 0.2509335 1.156653 0.9146697 3.510015 3.941444 3.631151
0 1.968778 2.419103 1.841428 0 0 0 1.879078 2.47979 2.866952 5.756458 5.809138 4.844157
0 2.165914 1.894036 1.836479 0 0 0 2.340368 2.967736 2.331223 4.828282 4.339771 4.023435
0 1.302175 1.777133 1.542467 0.3465739 0 0 1.116203 1.656469 2.277942 4.844157 5.088943 4.077871
0 0.9376182 1.405553 1.26894 0 0 1.319529 0.8655184 1.397877 1.455638 4.735814 4.797967 3.772943
0 1.31688 1.535128 1.803935 0 0.8958798 0.3465739 1.550221 1.981241 2.0573 4.062428 3.796215 3.597344
0 1.700792 2.238531 2.051389 0 0 0 1.568482 2.41763 2.187689 4.575983 4.54845 3.87915
0 1.313228 1.345605 1.512173 0 0.3465739 0.3465739 2.278671 1.181436 1.770937 4.165236 4.600145 3.847379
0 0.3232626 0.2525796 1.502873 3.487987 3.488197 0 4.184535 5.085827 2.375617 4.932107 4.868957 3.856252
0 1.618388 1.779246 1.979551 0 0.3465739 0 1.814647 2.116759 2.434268 4.217698 4.123452 3.772943
0 1.085071 1.55885 2.228992 0.3465739 0.6931472 0 0.9427824 1.732273 2.095487 4.535232 4.25352 4.462514
0 1.70901 2.142369 1.85878 0 0 0 1.485708 2.283218 2.93126 5.207142 4.982658 4.133089
0 1.586092 2.031669 1.650046 0 0 1.098612 1.446477 1.899609 1.438454 4.325275 4.575983 3.866427
0 1.094603 1.843752 1.319124 0 0 1.282475 1.062912 1.899399 1.952017 4.544005 4.932107 3.722513
0 1.510141 1.933558 1.567468 0 0 0.6931472 1.36193 1.782244 1.542479 4.646815 4.844157 3.656027
0 0.8352857 1.642908 1.124464 0.6931472 0 0.804719 1.118613 1.363715 0.8290954 4.286787 5.756458 4.993412
0 0.1601369 0.4169596 1.858672 2.271647 1.94591 0 -0.1743576 0.08876238 1.656602 5.144558 5.015638 4.297485
0 1.182614 1.508924 1.542969 0 0.3465739 0.3465739 0.8625672 1.186384 1.350232 5.385484 5.58822 3.882677
0 1.3939 1.929958 1.455678 0 0 0.6931472 1.299693 1.700648 1.348412 4.444059 5.004402 3.713177
0 1.077317 1.35187 1.061193 0.3465739 0.804719 1.386294 0.8886858 1.08284 0.7787558 4.698293 5.144558 4.415879
0 0.7403689 0.5348951 1.173754 1.151293 1.76318 1.416607 0.9999425 1.547053 2.159858 4.566636 4.177845 3.152174
0 1.011142 1.04671 1.028301 0.5493063 0.804719 1.445186 2.400159 3.264272 0.7864056 4.436864 4.402363 4.031311
0 1.369929 1.834413 1.566942 0 0 0.3465739 1.0928 1.61107 1.583869 4.961821 4.972131 3.603384
0 0.8519177 1.323776 0.3174286 0.3465739 0.3465739 2.322195 0.5581883 1.061617 -0.003390013 5.130064 5.144558 4.311187
0 1.156037 1.578262 1.710069 0 0.3465739 0 1.205445 1.872143 2.013572 4.595218 4.610146 4.157004
0 1.535812 1.913471 1.88729 0 0 0 1.409284 1.702879 2.021242 4.229356 4.580723 3.86757
0 1.44027 1.792731 1.725769 0 0.3465739 0.3465739 1.288534 1.580103 1.730339 4.19078 4.440449 3.706495
0 1.399437 1.520634 1.616905 0.3465739 0.804719 0.3465739 1.534609 2.377918 2.342736 4.379554 4.238882 3.457397
0 1.589613 1.676654 1.857529 0 0 0 1.459575 1.735701 2.291735 5.159485 4.982658 3.799202
0 1.713569 2.134595 1.566705 0 0 0.6931472 1.532715 2.252997 1.628138 5.115978 4.972131 3.994586
0 1.45828 2.122648 1.59455 0 0 0 1.988057 2.727344 2.467509 5.063296 5.318716 4.138961
0 1.70862 2.072088 1.880764 0 0 0 1.69202 2.2416 2.052297 4.505684 4.535232 3.919383
0 1.213962 1.478295 1.890469 1.039721 0.3465739 0 0.8890375 1.178563 2.508636 5.46256 5.318716 4.006531
0 0.8195594 1.090186 1.10366 0.3465739 0.3465739 0.5493063 0.9101078 1.2383 1.2038 4.625533 4.755686 4.351678
0 1.00763 1.417871 1.45939 0.5493063 0.804719 0.3465739 0.8881565 1.325731 1.251787 4.297485 4.345689 4.501602
0 1.076775 1.705863 1.270341 0 0.3465739 1.098612 1.169351 1.717489 1.356359 3.770109 4.01568 3.414394
0 1.3879 2.337411 1.665558 0 0 0.3465739 1.463903 2.172081 1.389596 4.342721 4.993412 4.363876
0 1.372938 1.418655 0.7417346 0 0 1.76318 1.225914 1.286579 1.543952 5.665296 5.665296 3.170909
0 1.532351 1.813774 1.664329 0 0 0 1.438473 1.994739 1.50422 5.130064 5.088943 4.19078
0 1.363759 1.952456 1.601873 0 0 0.5493063 1.197727 1.85051 1.390551 4.544005 4.71049 4.186431
0 0.8406062 0.8397752 1.15708 0.3465739 0.3465739 1.098612 1.378255 1.417604 1.128578 4.941817 4.922583 3.812354
0 1.46838 1.72309 1.134283 0 0 0.8958798 1.304613 1.713176 0.8734485 5.409879 5.362223 4.797967
0 1.89256 2.160167 1.727199 0 0 0 2.397509 3.456389 2.334687 4.913236 5.027134 4.09201
0 1.083024 1.306967 1.76684 1.319529 1.319529 0.3465739 0.7982691 0.9759561 2.014241 4.286787 5.102278 3.47433
0 1.946497 2.079066 1.634969 0 0 0 2.039675 2.519774 3.210927 4.812895 4.748974 3.971519
0 1.926727 2.087613 2.156895 0 0 0 1.733754 2.239162 1.997549 4.860553 4.530902 4.22466
0 1.997915 2.081745 1.674865 0 0 0.5493063 1.840843 2.310863 1.415355 4.783473 4.440449 4.112128
0 0.8222304 1.721022 2.388373 1.039721 0.6931472 0 0.5067512 1.422648 2.343896 4.674758 4.828282 4.466288
0 0.9628333 0.9542165 1.156323 0.3465739 1.629048 1.416607 0.7274389 0.6448399 0.8583644 4.227003 4.544005 4.363876
0 0.7752537 1.157062 1.019994 0.5493063 0.804719 1.903331 1.830286 1.20181 1.239742 3.642703 4.101054 2.985538
0 1.0549 1.153967 1.221337 0.3465739 0.3465739 0.5493063 0.9179539 1.027963 1.214822 5.409879 5.435526 4.868957
0 1.073345 1.417594 1.150108 0.3465739 0.804719 1.151293 1.109592 1.586494 1.558247 4.025 4.102883 3.396653
0 0.9143341 1.259797 1.388788 0.6931472 1.098612 1.522261 0.9614389 1.423882 1.694627 4.002018 4.083126 3.483281
0 1.07123 1.39646 0.9882006 0.6931472 0.6931472 1.242453 1.281771 1.654481 0.9949379 3.991644 4.133089 3.522499
0 0.7391742 0.9074872 1.030154 1.151293 1.8806 2.302585 1.374563 1.688438 1.782786 3.213712 3.242446 3.221845
0 0.8480359 0.9487795 0.8236175 1.151293 0.5493063 0.8958798 0.5677596 0.6132688 0.7182433 5.553723 6.561181 4.097417
0 0.7678714 0.9922874 0.8834431 0.8958798 0.804719 1.242453 0.6377447 0.7593399 0.7333786 4.595218 5.004402 4.316774
0 1.063706 1.216282 0.5698648 0.6931472 0.3465739 1.856786 1.024502 1.082819 0.3530233 4.836156 5.088943 4.493536
0 0.7306224 1.073094 1.081585 0.8958798 1.386294 1.76318 0.9517582 1.556282 0.8208827 3.651546 3.614307 3.901918
0 1.059379 1.653615 1.301037 0.6931472 0 1.198948 1.356454 1.567042 1.116872 3.93748 4.646815 3.719949
0 0.5868662 0.6377447 0.5803338 1.198948 1.242453 1.151293 0.4283793 0.4775807 0.4513816 4.895051 4.895051 4.636061
0 0.7759466 1.373962 0.8321598 0 0.3465739 2.197225 1.552883 2.424324 0.5612793 3.960372 4.047447 3.614997
0 1.309039 1.356805 0.9878732 0.3465739 0.3465739 2.152033 2.244551 1.714933 0.7653647 4.117758 4.229356 3.591375
0 1.010556 1.605042 1.285002 0.3465739 0 0.804719 1.651375 1.638253 2.133714 4.276314 4.868957 3.859621
0 0.8078274 1.114388 1.045187 0.5493063 0.5493063 0.804719 0.805557 1.011593 1.120084 4.373224 4.669043 3.621256
0 0.01639147 1.401679 1.209895 1.098612 1.416607 1.629048 1.111018 1.629455 1.181106 2.828474 3.544221 3.323588
0 0.8566971 1.174841 1.11334 0 0 1.098612 1.053615 1.44398 1.956216 5.088943 5.190746 3.357962
0 0.6880875 1.398883 1.389206 0.6931472 0.8958798 0.5493063 0.4679927 1.137167 2.422771 4.39904 4.868957 3.233652
0 1.085664 1.672656 1.31837 0 0.3465739 0.3465739 1.001783 1.580718 1.662775 4.081368 4.35774 3.350978
0 0.8136484 1.503618 1.252954 0.6931472 0.3465739 1.545521 2.975206 2.045854 1.162281 3.297984 3.81338 3.360451
0 0.8995158 1.182193 1.231107 0 0 0.8958798 0.9975896 1.280477 1.3982 4.812895 4.868957 3.600019
0 -0.04401039 0.435366 0.2578548 1.039721 1.151293 1.996325 0.01187056 0.5101987 0.1573745 4.297485 4.447696 3.987262
0 0.6874231 0.9688352 0.8576792 0.5493063 0.3465739 1.545521 2.10943 0.7566204 0.7971385 4.333922 5.115978 3.278898
0 0.191329 0.717596 0.996485 1.497866 1.647918 1.282475 0.0598614 0.382557 0.8794626 3.882677 5.130064 3.891004
0 1.121817 1.630649 1.11095 0 0.3465739 1.903331 1.089529 1.607947 1.236561 3.856252 4.09022 3.010782
0 0.4489409 0.8373032 0.474664 2.30756 1.242453 2.710267 1.228453 0.9909991 0.1728264 3.688567 3.821665 3.984363
0 0.9057539 1.441932 1.308881 0 0.3465739 0.804719 0.8844748 1.322992 1.136854 3.672808 4.09201 3.871016
0 1.111313 1.558321 1.414719 0.6931472 0.6931472 1.098612 0.9663592 1.472946 1.622569 3.755257 3.928349 3.264615
0 -0.8014561 -0.467059 -0.4400526 3.314021 3.344177 3.338542 -0.9991002 -0.6986969 -0.6707119 3.405217 3.27188 3.014316
0 1.397933 1.492316 1.547922 0 1.151293 0.804719 1.176718 1.252224 1.247311 4.281523 4.294789 4.389202
0 1.259166 1.39533 1.644954 0.3465739 0.3465739 0.5493063 1.130008 1.108592 1.530043 4.031311 4.663393 3.728546
0 1.702477 1.437751 0.9305753 1.151293 0 1.198948 1.65009 1.129313 1.531471 5.46256 6.103034 3.777703
0 1.487512 1.583392 1.291076 0 0 0.6931472 1.521956 1.724512 2.652007 4.722992 4.71049 3.543622
0 0.8402019 1.347256 1.43611 0.5493063 0.804719 1.098612 0.618387 1.093775 1.529938 3.910574 4.322425 3.403402
0 1.528829 1.890033 1.665888 0 0 0.3465739 1.4504 1.767711 1.518523 4.28944 4.505684 4.179978
0 1.552068 1.664973 1.173315 0 0 0.8958798 1.351488 1.399308 2.622515 5.159485 5.339997 3.72337
0 1.394056 1.364967 1.012286 0.3465739 0.5493063 1.039721 1.133172 1.053745 2.468356 4.735814 5.102278 2.999114
0 1.067285 0.9647407 1.238622 0.6931472 1.47222 1.242453 0.8497101 0.6943261 1.109089 4.575983 4.615223 3.495108
0 0.860824 1.436209 1.763224 0 0.3465739 0 0.955262 1.244083 1.524774 4.266055 4.669043 4.65228
0 0.8834551 1.246276 1.491356 0.804719 1.151293 0.804719 0.6692647 1.111801 1.647792 3.881498 3.82586 3.254417
0 1.117684 1.524647 1.522014 0.3465739 0.3465739 0.3465739 0.9398906 1.304934 1.214849 4.336838 4.698293 4.692305
0 0.738239 1.314557 1.298281 0.3465739 0.6931472 1.098612 0.722679 1.167372 1.091492 3.96731 4.409075 4.234097
0 0.6589977 1.075997 1.598815 1.098612 1.609438 0.5493063 0.88146 1.827531 1.403715 3.658282 3.629725 4.300195
0 1.235809 1.58018 1.709124 0.3465739 0.3465739 0.3465739 1.008469 1.415555 1.471494 4.60512 4.620351 4.680539
0 1.293829 1.613857 1.093946 0 0 1.098612 1.621752 1.412321 0.749134 4.39246 5.027134 5.868031
0 0.9184514 1.600382 1.681083 1.319529 0.3465739 0.5493063 0.6513767 1.524068 1.815641 4.012612 4.021874 3.795224
0 0.4877842 0.9267307 0.6829039 1.282475 1.151293 3.247633 0.3116088 0.8819803 0.4619326 3.662824 3.668175 3.279251
0 1.112812 1.072225 1.490181 0.5493063 0.6931472 0.3465739 0.7979622 0.7495661 1.179228 5.46256 5.49114 5.027134
0 1.100376 1.42987 1.066672 0.3465739 0.3465739 1.282475 0.8675986 1.234383 1.762576 4.104718 4.165236 2.951647
0 1.019729 0.6233786 1.277009 0.6931472 3.855774 0.8958798 0.8692286 0.3357747 1.368781 4.18212 4.163165 3.490775
0 1.125003 1.294675 1.823659 0.804719 1.098612 0 0.7987654 0.9702178 1.806334 5.063296 5.050949 4.083126
0 0.4601593 0.8163494 1.324919 0.804719 0.804719 0.804719 0.1381115 0.5067128 1.582542 5.015638 4.982658 3.579003
0 3.098354 1.072646 1.466512 -1.622072 1.098612 0.6931472 4.184535 0.8079467 1.171874 13.65964 4.28944 4.513949
0 3.098354 0.9147242 0.6968805 -1.622072 0.8958798 1.76318 4.184535 0.5951368 0.9386861 13.65964 5.625274 3.031285
0 -3.286378 -0.6961683 1.467764 5.921923 3.408915 1.098612 -3.30221 -1.006999 1.254002 4.351678 4.25352 4.530902
0 -0.01938243 0.5357682 1.852598 1.264663 1.629048 0 0.1592261 2.693592 2.037509 4.735814 3.334128 4.325275
0 1.025977 0.514031 1.399965 0.5493063 1.84444 0.3465739 0.8643849 0.204208 2.409574 5.809138 4.530902 3.67514
0 0.7403259 -0.1507067 0.6613814 1.522261 2.376795 1.545521 0.6028747 -0.4967888 0.5613873 4.284148 6.214606 3.332946
0 3.098354 1.244189 1.418234 -1.622072 0.804719 0.3465739 4.184535 1.009188 1.406104 13.65964 4.71049 4.278912
0 0.8299255 1.028575 1.783928 2.641348 1.47222 0.3465739 0.8854558 0.7462026 1.867907 4.470091 3.901918 3.668944
0 0.8916424 1.218719 0.3075537 0.804719 1.039721 3.676541 0.6381433 0.9293399 0.7683346 4.379554 4.692305 2.564296
0 3.098354 1.237873 1.292539 -1.622072 1.416607 1.386294 4.184535 0.9198322 0.980837 13.65964 4.868957 4.630769
0 -0.6182982 0.6015534 1.475852 2.491803 2.414157 0.5493063 -0.932355 0.2832171 1.791779 5.756458 4.319592 3.511699
0 3.098354 0.3128768 1.469406 -1.622072 2.555994 1.098612 4.184535 0.02469302 1.181195 13.65964 3.30315 4.029726
0 0.7062057 0.985521 0.8002384 0.5493063 0.3465739 1.151293 0.7096097 0.9711837 2.079627 5.038899 5.207142 3.86757
0 -3.286378 1.517357 1.604988 5.921923 0.5493063 0.6931472 -3.30221 2.116192 1.347349 13.65964 3.797209 4.444059
0 3.098354 0.4984357 1.008778 -1.622072 2.78226 2.117053 4.184535 0.1613539 0.6703104 13.65964 4.522354 4.625533
0 0.8380974 0.8697951 1.455576 1.319529 2.171903 1.629048 0.5527548 0.5532071 1.194548 3.861879 4.014144 3.812354
0 1.271953 1.479765 0.8106052 0 0 1.198948 1.659783 1.539106 1.42947 4.982658 5.130064 3.889806
0 -1.52988 -0.4530562 1.102195 2.874696 2.934436 1.416607 -1.851979 -0.6068727 1.815701 4.951719 3.48755 3.198734
0 3.098354 -0.9420092 1.386543 -1.622072 3.293775 0.804719 4.184535 -1.288579 1.073137 13.65964 14.22934 5.224093
0 -3.286378 -1.080261 1.466689 5.921923 2.80884 0.3465739 -3.30221 -1.426834 1.199244 13.65964 14.22934 4.972131
0 3.098354 -1.081093 1.416345 -1.622072 2.599249 0.5493063 4.184535 -1.41769 1.14019 13.65964 4.904061 4.77638
0 -3.286378 0.8694725 1.540867 5.921923 1.319529 0.3465739 -3.30221 1.755711 1.92626 13.65964 3.918115 4.276314
0 -3.286378 -4.672501 1.31482 5.921923 4.805365 2.35921 -3.30221 -5.012947 1.627341 13.65964 14.22934 3.582229
0 -3.286378 0.7318896 1.615263 5.921923 1.282475 0.3465739 -3.30221 1.896166 1.332742 5.174871 3.887418 5.063296
0 3.098354 -4.672501 1.360082 -1.622072 5.921923 0.3465739 4.184535 -5.012947 1.11578 13.65964 14.22934 4.812895
0 3.098354 -4.672501 0.3779042 -1.622072 5.921923 1.386294 4.184535 -5.012947 0.3223874 13.65964 14.22934 4.625533
0 3.098354 0.9838925 1.855465 -1.622072 1.416607 0 4.184535 1.457469 2.158586 13.65964 3.485945 3.807254
0 1.060183 0.1278338 1.43363 1.545521 2.30756 0.5493063 0.821733 -0.2097508 1.311887 4.805375 5.027134 3.82903
0 0.5179755 0.4842414 1.493956 1.098612 2.823252 1.098612 1.378852 0.1570526 1.412312 3.166936 4.014144 3.399342
0 3.098354 -4.672501 1.518455 -1.622072 5.921923 0.3465739 4.184535 -5.012947 2.238576 13.65964 14.22934 4.222329
0 0.5041977 0.403355 1.558235 1.098612 2.484907 1.039721 0.1779261 0.07434065 1.675079 5.241639 4.292107 3.650803
0 0.2005689 0.4509895 1.422022 2.515219 2.76073 1.445186 -0.03092586 0.1127169 1.28056 4.031311 4.308416 3.401593
0 -0.3528357 0.7858893 1.314286 1.985146 1.965913 1.416607 -0.6927973 0.4905237 0.9764522 6.561181 3.755257 4.790668
0 0.5713854 0.05050891 1.099813 1.151293 2.038769 0.8958798 0.2405318 -0.2952459 1.087681 5.49114 6.358448 4.000522
0 0.009828316 -1.932015 0.5803338 2.936481 3.596091 2.45999 -0.3305023 -2.278574 0.2551483 6.907755 14.22934 4.177845
0 0.8824088 1.091745 1.177084 1.629048 2.055845 2.579528 0.6842015 1.003323 0.8802609 3.524802 3.364626 3.719098
0 -0.8649593 -1.261845 0.6543544 3.672682 3.530238 2.758726 -1.209262 -1.608419 0.311259 5.809138 14.22934 4.630769
0 0.9165685 0.004058022 0.7276345 0.8958798 2.515219 1.683648 0.6498723 -0.3420295 0.3813393 5.088943 6.561181 6.214606
0 1.20618 0.4053766 1.499103 0.5493063 2.505318 0.8958798 1.253463 0.07885705 1.384226 4.535232 4.951719 3.817505
0 1.176958 1.253291 1.324903 0.5493063 0.6931472 0.6931472 1.584398 1.147115 1.52319 4.258497 4.620351 3.942773
0 0.9259072 0.9994379 1.033474 0.804719 1.282475 1.319529 1.010508 0.7436977 1.919208 4.436864 5.004402 3.060602
0 0.9202084 0.5279546 1.493321 0.6931472 2.371812 0.804719 1.270754 0.2399537 1.355315 3.94678 4.308416 3.72337
0 1.128193 1.084294 1.237971 0 1.609438 0.804719 2.593924 0.8995568 1.378941 4.278912 4.571287 3.477471
0 1.210776 0.8138015 1.054615 0.6931472 1.732868 1.198948 1.257148 0.5711018 2.213464 4.60512 4.669043 3.30762
0 0.7779492 1.193846 1.261183 0.804719 0.804719 1.039721 2.016983 1.504443 1.388117 3.546627 3.885042 3.215889
0 0.8699801 0.2610207 1.07098 0.6931472 3.879263 1.416607 1.833198 -0.06064424 1.126744 3.852906 4.522354 3.268754
0 0.61581 0.0443711 0.9726306 0.804719 4.489412 2.498606 0.5966339 -0.2704677 1.631423 4.360799 4.571287 3.268061
0 0.7825502 1.252138 1.110044 1.039721 1.198948 1.965913 1.988804 1.546559 0.9410799 3.182437 3.607452 3.611554
0 1.080288 1.337415 1.544383 0 0.5493063 0.3465739 0.9421227 1.243039 1.7653 4.620351 4.636061 3.656027
0 0.9123912 1.212447 1.385758 0.3465739 1.039721 0.5493063 1.365968 0.9172798 1.562088 3.854019 4.886201 3.717399
0 1.184969 1.641715 1.672535 0 0 0 1.160725 2.181775 1.741895 4.331023 4.297485 3.82903
0 0.8925318 1.733839 1.78389 0.3465739 0 0 0.6536112 1.961446 1.957127 4.922583 4.844157 4.322425
0 1.042481 1.709271 1.343809 0.3465739 0 0.5493063 1.096449 1.727013 1.683172 3.991644 4.373224 3.245081
0 1.25183 1.150265 1.043275 0 1.416607 1.319529 1.136771 0.8445395 2.123079 4.769386 5.278694 3.504997
0 0.772126 0.5089055 0.7158659 1.240322 2.063567 3.034213 1.538928 0.2249217 1.092272 3.845185 4.382749 2.888245
0 -3.286378 -1.235009 1.48942 5.921923 2.380016 0.3465739 -3.30221 -1.564223 1.586144 13.65964 6.011873 3.965915
0 -3.286378 0.8172787 1.388163 5.921923 1.319529 0.5493063 -3.30221 0.7563297 1.119923 13.65964 4.171501 4.125365
0 1.120555 1.260486 0.9391903 1.098612 0.5493063 1.445186 1.310453 1.183359 1.428126 4.119649 4.45136 3.178083
0 -0.6061906 0.05891808 0.8379919 2.962128 2.620874 1.862226 -0.9509703 -0.2779816 0.6789832 5.756458 4.646815 3.391761
0 1.662939 1.770389 1.417327 0 0.3465739 0.804719 1.429899 1.509476 1.496007 4.755686 4.932107 3.70899
0 1.691736 2.004841 2.09535 0 0 0 1.75353 2.447386 2.058757 4.481676 4.45505 3.978614
0 1.803157 2.048708 1.968351 0 0 0 1.899143 2.515181 1.719809 4.412465 4.35774 4.535232
0 2.085037 2.284595 1.866963 0 0 0 1.911605 2.415461 2.34678 5.625274 5.409879 4.300195
0 0.94781 1.261409 1.318065 0.3465739 0 0.5493063 0.9068108 1.276106 1.427475 4.590339 4.755686 3.618465
0 1.004789 1.386173 2.023873 0.8958798 0.8958798 0 1.009599 2.161714 1.914695 4.005022 3.82586 4.101054
0 1.417852 1.379369 1.456016 0 0 0.5493063 1.158205 1.880606 2.149165 6.561181 5.756458 4.234097
0 -3.286378 -0.6585145 1.209142 5.921923 2.668282 1.098612 -3.30221 -0.1284559 1.968618 13.65964 4.797967 3.728546
0 1.171224 1.424945 2.112237 0.3465739 0.3465739 0 1.264529 2.517589 2.247473 4.325275 4.173607 3.82586
0 0.8507134 1.365715 1.806177 1.151293 0.7887564 0.3465739 0.5566317 1.127727 1.707142 4.716702 4.748974 4.121547
0 0.1336888 -1.238531 0.8889121 1.039721 2.567899 3.577308 -0.1640972 0.3958331 0.6009089 6.214606 3.386478 3.876812
0 1.39168 1.758275 1.815184 0.5493063 0 0 1.26777 1.44398 1.737174 4.39904 5.58822 4.138961
0 1.024868 1.418674 2.241193 0.6931472 0.5493063 0 0.7308024 1.15159 2.468215 4.844157 4.877505 4.039314
0 0.8082975 1.33051 1.748057 0.5493063 0.6931472 0.3465739 0.568333 1.010261 2.438048 4.231721 5.115978 3.450383
0 1.838968 2.198934 1.526409 0 0 0.804719 1.633172 2.243505 2.652211 4.641409 4.505684 3.40841
0 0.4437718 0.4026733 -0.5351264 1.903076 1.922312 3.701531 2.649171 5.085827 2.523699 4.904061 4.860553 2.669577
0 1.667678 2.171449 2.262339 0 0 0 2.084404 2.780789 2.134265 4.292107 4.395739 4.698293
0 1.913759 1.949931 1.772438 0 0 0 2.764914 5.085827 1.890859 5.063296 5.004402 4.52661
0 1.552226 2.02263 1.938262 0 0 0 1.251744 1.821965 1.692256 5.58822 5.46256 4.886201
0 1.981514 1.980723 1.458948 0 0 2.879451 1.807802 1.962551 1.134813 6.214606 5.934797 5.159485
0 3.098354 3.621856 0.8130767 -1.622072 -1.116559 3.690813 4.184535 5.085827 0.5472735 13.65964 14.22934 3.952172
0 1.716234 2.25919 1.873052 0 0 0 2.364784 3.706495 3.693393 5.224093 5.318716 4.09022
0 0.7875956 0.8670901 1.206541 2.882413 2.342153 1.399285 0.7881768 0.8232566 1.235037 4.240774 4.317995 3.665986
0 -0.6095302 -0.6114268 -1.167561 4.299852 3.79395 1.818775 -0.5716336 -0.5680573 -1.109799 -3.972215 -4.123759 -3.605942
0 1.076775 1.347256 1.399965 0.3465739 0.5493063 0.804719 1.17033 1.342135 1.50422 4.60512 4.692305 3.866427
0 0.7790968 0.9092894 1.102561 0 0 0.3465739 0.7906114 0.8285198 1.135322 4.169404 4.290106 3.543921
0 1.498711 1.707564 1.665723 0.9703843 1.416607 1.353469 1.632375 1.876357 2.013906 5.190746 5.102278 4.235289
