-3643.5 -1356.86 -2286.64
-3698.92 -1337.16 -2361.76
-3594.54 -1348.03 -2246.51
-3726.94 -1349.85 -2377.09
-3662.99 -1350.73 -2312.27
-3711.59 -1339.52 -2372.06
-3725.35 -1369.36 -2355.99
-3785.85 -1371.51 -2414.33
-3636.29 -1362.28 -2274.01
-3676.84 -1353.88 -2322.96
-3711.75 -1350.33 -2361.42
-3694.33 -1363.8 -2330.53
-3815.86 -1371.08 -2444.77
-3692.87 -1356.84 -2336.03
-3736.79 -1346.76 -2390.03
-3825.71 -1344.8 -2480.91
-3697.13 -1359.15 -2337.97
-3749.46 -1338.7 -2410.75
-3755.33 -1353.28 -2402.05
-3663.2 -1345.99 -2317.2
-3721.04 -1331.94 -2389.1
-3675.95 -1343.12 -2332.83
-3708.12 -1363.31 -2344.81
-3680.98 -1375.24 -2305.74
-3749.76 -1335.59 -2414.17
-3708.81 -1379.72 -2329.09
-3628.03 -1367.76 -2260.27
-3656.86 -1351.56 -2305.31
-3677.77 -1373.56 -2304.21
-3640.52 -1324.87 -2315.65
-3765.7 -1355.27 -2410.43
-3643.62 -1354.67 -2288.95
-3735.4 -1353.69 -2381.7
-3674.43 -1307.34 -2367.09
-3716.52 -1366.91 -2349.61
-3577.84 -1334.88 -2242.97
-3641.23 -1329.26 -2311.97
-3717.94 -1336.25 -2381.68
-3679.58 -1360.48 -2319.1
-3729.81 -1349.19 -2380.62
-3721 -1337.16 -2383.84
-3682.81 -1354.14 -2328.67
-3718.04 -1345.6 -2372.44
-3827.34 -1371.84 -2455.5
-3694.42 -1393 -2301.42
-3704.46 -1358.07 -2346.39
-3807.46 -1359.74 -2447.72
-3601.6 -1369.17 -2232.43
-3635.48 -1336.55 -2298.94
-3637.21 -1371.11 -2266.1
-3697.43 -1330.02 -2367.41
-3750.36 -1316.61 -2433.74
-3706.12 -1350.92 -2355.21
-3627.07 -1376.7 -2250.37
-3636.95 -1356.83 -2280.12
-3683.65 -1355.88 -2327.78
-3652.17 -1338.28 -2313.89
-3634.92 -1345.76 -2289.16
-3629.69 -1370.94 -2258.75
-3687.98 -1319.45 -2368.54
-3707.05 -1346.23 -2360.82
-3610.58 -1348.57 -2262.01
-3754.17 -1348.28 -2405.89
-3739.87 -1401.05 -2338.82
-3708.77 -1364.12 -2344.66
-3738.21 -1342.37 -2395.84
-3702.64 -1373.53 -2329.11
-3705.75 -1356.79 -2348.95
-3657.24 -1353.7 -2303.54
-3770.71 -1354.74 -2415.97
-3630.86 -1371.41 -2259.44
-3652.17 -1349.58 -2302.59
-3655.19 -1355.54 -2299.65
-3679.06 -1353.64 -2325.42
-3715.24 -1344.34 -2370.91
-3726.81 -1318.72 -2408.09
-3726.04 -1349.78 -2376.27
-3559.09 -1371.69 -2187.39
-3675.8 -1353.7 -2322.09
-3783.42 -1352.27 -2431.15
-3663.78 -1379.74 -2284.03
-3689.89 -1339.4 -2350.49
-3781.53 -1329.71 -2451.82
-3679.4 -1359.16 -2320.24
-3639.73 -1359.38 -2280.35
-3627.94 -1347.13 -2280.81
-3673.47 -1357.82 -2315.66
-3652.81 -1313.09 -2339.72
-3681.59 -1343.54 -2338.04
-3677.74 -1356.33 -2321.4
-3664.12 -1335.85 -2328.27
-3696.02 -1342.18 -2353.84
-3706.7 -1327.31 -2379.39
-3540.05 -1364.98 -2175.06
-3830.81 -1355 -2475.81
-3731.81 -1368.34 -2363.47
-3730.54 -1346.98 -2383.56
-3653.86 -1338.6 -2315.27
-3694.14 -1375.16 -2318.98
-3762.95 -1385.76 -2377.19
-3677.19 -1388.86 -2288.33
-3751.54 -1320.64 -2430.9
-3654.83 -1353.32 -2301.51
-3723.96 -1369.49 -2354.46
-3632.64 -1357.19 -2275.44
-3802.32 -1365.05 -2437.27
-3645.26 -1354.79 -2290.47
-3609.76 -1363.91 -2245.84
-3742.68 -1345.66 -2397.02
-3745.69 -1332.11 -2413.57
-3679.05 -1351.16 -2327.88
-3788.16 -1317.4 -2470.76
-3685.95 -1361.11 -2324.85
-3692.92 -1369.55 -2323.37
-3583.07 -1362.42 -2220.65
-3767.95 -1347.65 -2420.3
-3718.22 -1377.98 -2340.24
-3691.27 -1331.1 -2360.17
-3669.93 -1355.59 -2314.34
-3707.66 -1352.43 -2355.23
-3636.87 -1354.78 -2282.09
-3688.84 -1348.05 -2340.79
-3636.64 -1378.41 -2258.23
-3630.3 -1312.35 -2317.95
-3701.96 -1358.36 -2343.61
-3687.54 -1356.59 -2330.95
-3708.13 -1382.81 -2325.31
-3645.47 -1330.48 -2315
-3646.52 -1367.82 -2278.71
-3647.99 -1379.27 -2268.72
-3707.22 -1377.58 -2329.63
-3745.14 -1368.1 -2377.04
-3646.4 -1367.3 -2279.09
-3648.15 -1367.68 -2280.47
-3718.37 -1349.01 -2369.35
-3697.63 -1348.95 -2348.68
-3750.55 -1335.8 -2414.75
-3706 -1340.72 -2365.28
-3668.3 -1382.45 -2285.85
-3785.47 -1330.2 -2455.27
-3679.86 -1322.18 -2357.68
-3565.69 -1326.58 -2239.11
-3602.5 -1340.2 -2262.29
-3757.5 -1326.64 -2430.86
-3640.12 -1363.52 -2276.6
-3681.29 -1321.51 -2359.78
-3733.85 -1327.78 -2406.06
-3747.94 -1350.54 -2397.39
-3615.11 -1362.51 -2252.6
-3637.36 -1324.84 -2312.52
-3648.65 -1391.16 -2257.48
-3673.61 -1347.86 -2325.74
-3735.06 -1336.24 -2398.81
-3692.49 -1348.64 -2343.84
-3644.24 -1372.85 -2271.39
-3695.55 -1355.18 -2340.37
-3612.15 -1341.02 -2271.12
-3720.16 -1349.46 -2370.7
-3705.14 -1333.42 -2371.72
-3758.6 -1398.86 -2359.74
-3710.7 -1340.02 -2370.68
-3626.36 -1357.7 -2268.65
-3731.44 -1339.5 -2391.94
-3703.47 -1336.1 -2367.37
-3660.84 -1381.61 -2279.23
-3629.07 -1351.95 -2277.12
-3701.19 -1341.91 -2359.28
-3640.12 -1357.51 -2282.61
-3641.56 -1320.79 -2320.76
-3726.55 -1352.69 -2373.86
-3610.5 -1359.33 -2251.17
-3680.92 -1349.84 -2331.08
-3658.02 -1355.26 -2302.76
-3714.2 -1370.95 -2343.25
-3645.18 -1377.2 -2267.98
-3661.54 -1363.75 -2297.79
-3663.27 -1370.22 -2293.05
-3690.08 -1362.99 -2327.09
-3713.36 -1360.59 -2352.77
-3685.98 -1333.61 -2352.37
-3668.02 -1316.04 -2351.98
-3639.53 -1322.98 -2316.54
-3599.75 -1336.89 -2262.85
-3703.93 -1391.69 -2312.24
-3599.14 -1363.32 -2235.82
-3703 -1340.35 -2362.66
-3766.25 -1335.38 -2430.88
-3655.06 -1359.23 -2295.84
-3618.83 -1364.75 -2254.08
-3613.73 -1371.47 -2242.26
-3678.43 -1359.26 -2319.17
-3702.73 -1351.38 -2351.35
-3686.19 -1356.48 -2329.71
-3806.35 -1388.28 -2418.07
-3674.02 -1371.9 -2302.12
-3697.17 -1334.29 -2362.88
-3755.76 -1358.47 -2397.29
-3646.64 -1353.2 -2293.43
-3743.26 -1329.42 -2413.84
-3737.42 -1353.17 -2384.25
-3679.49 -1359.59 -2319.89
-3667.11 -1381.37 -2285.74
-3656.36 -1363.26 -2293.1
-3594.75 -1352.11 -2242.64
-3635.78 -1353.11 -2282.67
-3650.49 -1350.78 -2299.72
-3716.1 -1354.18 -2361.91
-3667.02 -1360.27 -2306.75
-3823.45 -1342.81 -2480.64
-3797.15 -1342.67 -2454.48
-3665.91 -1359.7 -2306.21
-3657.02 -1331.62 -2325.4
-3671.77 -1376.37 -2295.4
-3716.78 -1370.51 -2346.27
-3650.87 -1358.75 -2292.12
-3685.24 -1341.39 -2343.85
-3650.49 -1356.84 -2293.65
-3668.18 -1341.16 -2327.02
-3703.4 -1355.79 -2347.61
-3674.76 -1371.48 -2303.28
-3768.84 -1376.75 -2392.09
-3642.42 -1343.54 -2298.88
-3725.41 -1355 -2370.4
-3731.13 -1367.92 -2363.22
-3751.65 -1379.62 -2372.03
-3706.81 -1410.11 -2296.7
-3648.27 -1348.19 -2300.09
-3714.3 -1376.16 -2338.14
-3621.34 -1349.54 -2271.8
-3681.12 -1318.69 -2362.43
-3740.89 -1360.85 -2380.04
-3680.88 -1365.84 -2315.04
-3663.45 -1383.12 -2280.33
-3686.37 -1369.62 -2316.75
-3664.13 -1315.9 -2348.24
-3769.04 -1373.28 -2395.76
-3738.4 -1383.22 -2355.18
-3622.85 -1374.4 -2248.45
-3785.88 -1368.13 -2417.75
-3738.93 -1355.62 -2383.31
-3737.2 -1377.88 -2359.33
-3678.88 -1371.37 -2307.51
-3645.44 -1321.44 -2324
-3707.35 -1362.76 -2344.59
-3694.12 -1365.44 -2328.68
-3607.44 -1331.91 -2275.53
-3652.05 -1360.53 -2291.52
-3650.02 -1365.32 -2284.7
-3662.45 -1374.13 -2288.32
-3692.98 -1354.75 -2338.23
-3711.82 -1357.27 -2354.55
-3694.09 -1357.51 -2336.57
-3691.39 -1338.38 -2353.01
-3678.73 -1354.62 -2324.11
-3608.62 -1371.95 -2236.68
-3672.99 -1373.36 -2299.63
-3747.94 -1381.03 -2366.91
-3707.88 -1358.08 -2349.81
-3729.84 -1352 -2377.85
-3661.29 -1359.49 -2301.8
-3632.5 -1347.4 -2285.1
-3700.25 -1319.66 -2380.59
-3723.95 -1356.94 -2367.01
-3672.63 -1367.62 -2305.02
-3766.9 -1367.02 -2399.88
-3643 -1374.31 -2268.7
-3659.55 -1348.47 -2311.08
-3732.72 -1330.69 -2402.03
-3734.11 -1356.63 -2377.48
-3679.23 -1342.78 -2336.45
-3733.96 -1359.68 -2374.28
-3678.4 -1326.04 -2352.37
-3713.52 -1342.28 -2371.24
-3601.08 -1373.29 -2227.79
-3702.3 -1395 -2307.3
-3702.87 -1353.06 -2349.81
-3693.73 -1362.41 -2331.32
-3722.81 -1347.45 -2375.36
-3741.03 -1346.66 -2394.37
-3811.31 -1355.06 -2456.25
-3701.71 -1321.74 -2379.97
-3816.54 -1358.51 -2458.03
-3664.11 -1332.53 -2331.58
-3593.59 -1361.18 -2232.41
-3697.62 -1390.03 -2307.6
-3712.57 -1335.07 -2377.5
-3657.83 -1378.54 -2279.29
-3627.89 -1366.27 -2261.62
-3643.62 -1351.32 -2292.3
-3730.21 -1385.79 -2344.42
-3655.51 -1351.02 -2304.49
-3836.39 -1331.98 -2504.41
-3592.41 -1351.21 -2241.2
-3636.62 -1360.88 -2275.73
-3597.8 -1348.81 -2248.98
-3724.74 -1352.84 -2371.9
-3679.43 -1384.94 -2294.49
-3659.89 -1349.56 -2310.33
-3702.19 -1349.19 -2353
-3626.31 -1337.59 -2288.72
-3724.09 -1363.86 -2360.23
-3642.05 -1335.65 -2306.4
-3654.07 -1331.13 -2322.93
-3779.2 -1355.79 -2423.41
-3707.98 -1362.05 -2345.93
-3659.2 -1347.79 -2311.41
-3719.61 -1353.74 -2365.86
-3785.56 -1348.06 -2437.49
-3693.76 -1352.22 -2341.54
-3651.33 -1366.11 -2285.22
-3746.9 -1342.71 -2404.19
-3691.43 -1357.7 -2333.73
-3789.79 -1339.53 -2450.26
-3677.26 -1340.85 -2336.41
-3661.87 -1350.87 -2311
-3742.95 -1387.83 -2355.12
-3568.07 -1331.62 -2236.44
-3622.38 -1345.66 -2276.72
-3600.92 -1367.89 -2233.03
-3647.35 -1366.48 -2280.87
-3807.03 -1386.85 -2420.17
-3729.87 -1346.54 -2383.33
-3794.06 -1373.44 -2420.62
-3726.16 -1371.1 -2355.06
-3741.45 -1345.49 -2395.96
-3654.11 -1354.73 -2299.38
-3625.32 -1365.89 -2259.43
-3658.93 -1352.13 -2306.8
-3602.18 -1344.44 -2257.74
-3634.05 -1352.14 -2281.9
-3668.53 -1337.94 -2330.59
-3602.31 -1336.05 -2266.26
-3694.69 -1353.1 -2341.59
-3746.58 -1373.95 -2372.64
-3694.79 -1344.8 -2349.98
-3708.1 -1323.83 -2384.27
-3658.34 -1360.72 -2297.62
-3747.76 -1365.75 -2382.01
-3661.94 -1373.01 -2288.92
-3646.15 -1365.17 -2280.99
-3679.03 -1340.2 -2338.83
-3679.97 -1349.8 -2330.17
-3751.32 -1364.68 -2386.63
-3724.32 -1387.13 -2337.2
-3632.24 -1355.1 -2277.14
-3607.98 -1337.05 -2270.93
-3646.76 -1358.25 -2288.52
-3623.37 -1342.55 -2280.83
-3731.76 -1364.93 -2366.83
-3618.09 -1357.57 -2260.52
-3650.14 -1354.66 -2295.48
-3691.99 -1372.33 -2319.66
-3705.78 -1368.72 -2337.05
-3760.96 -1367.53 -2393.43
-3678.33 -1363.04 -2315.29
-3688.98 -1355.61 -2333.37
-3656.29 -1360.11 -2296.18
-3727.45 -1362.75 -2364.7
-3597.01 -1372.13 -2224.87
-3742.38 -1348.78 -2393.61
-3789.03 -1371.14 -2417.9
-3783.85 -1340.89 -2442.96
-3764.71 -1361.27 -2403.44
-3672.31 -1360.01 -2312.3
-3717.14 -1362.09 -2355.05
-3771.27 -1323.98 -2447.29
-3712.21 -1327.16 -2385.05
-3688.31 -1379.65 -2308.67
-3712.59 -1352.77 -2359.82
-3739.97 -1348.94 -2391.04
-3679.98 -1355.54 -2324.43
-3634.13 -1338.91 -2295.22
-3784.84 -1341.77 -2443.08
-3754.71 -1360.63 -2394.08
-3604.85 -1383.9 -2220.95
-3696.44 -1361.98 -2334.46
-3771.59 -1368.6 -2402.99
-3744.99 -1359.2 -2385.78
-3691.65 -1349.78 -2341.87
-3702.93 -1339.54 -2363.4
-3739.19 -1337.89 -2401.29
-3668.98 -1328.31 -2340.67
-3715.19 -1347.49 -2367.7
-3671.06 -1312.43 -2358.63
-3729.09 -1334.65 -2394.45
-3670.45 -1345.36 -2325.09
-3757.85 -1367.66 -2390.19
-3637.24 -1367 -2270.24
-3653.79 -1376.46 -2277.33
-3754.78 -1357.42 -2397.36
-3706.13 -1377.22 -2328.91
-3694.98 -1337.19 -2357.79
-3704.6 -1331.98 -2372.61
-3632.98 -1344.75 -2288.24
-3652.82 -1349.51 -2303.31
-3637.22 -1363.76 -2273.46
-3741.06 -1392.18 -2348.88
-3736.38 -1360.74 -2375.64
-3752.32 -1377.58 -2374.73
-3739.55 -1360.48 -2379.06
-3695.38 -1336.83 -2358.55
-3675.18 -1365.38 -2309.8
-3713.87 -1329.54 -2384.33
-3692.43 -1368.43 -2324
-3690.95 -1383.58 -2307.37
-3756.52 -1386.92 -2369.6
-3659.95 -1307.7 -2352.26
-3642.31 -1339.94 -2302.37
-3778.73 -1311.09 -2467.64
-3665.27 -1335.88 -2329.39
-3651.66 -1362.33 -2289.33
-3735.87 -1348.01 -2387.86
-3653.13 -1357.32 -2295.81
-3745.53 -1371.24 -2374.29
-3700.78 -1359.04 -2341.75
-3675.36 -1372.38 -2302.97
-3705.11 -1355.06 -2350.05
-3670.9 -1379.76 -2291.14
-3748.33 -1351.13 -2397.2
-3641.39 -1337.79 -2303.6
-3711.46 -1365.16 -2346.29
-3634.66 -1365.12 -2269.53
-3685.48 -1341.87 -2343.61
-3672.91 -1368.21 -2304.7
-3727.77 -1354.65 -2373.12
-3740.2 -1375.15 -2365.06
-3699.33 -1358.54 -2340.79
-3723.37 -1366.11 -2357.26
-3607.1 -1328.49 -2278.61
-3702.85 -1371.14 -2331.71
-3814.92 -1337.83 -2477.08
-3770.97 -1338.35 -2432.62
-3704.59 -1334.41 -2370.18
-3856.93 -1350.98 -2505.95
-3713.76 -1363.02 -2350.74
-3738.26 -1385.28 -2352.98
-3701.41 -1337.91 -2363.49
-3694.77 -1363.9 -2330.87
-3651.88 -1357.75 -2294.13
-3663.19 -1343.87 -2319.32
-3701.88 -1359.63 -2342.25
-3640.59 -1362.54 -2278.05
-3743.4 -1357.05 -2386.35
-3762.21 -1333.02 -2429.19
-3690.79 -1357.16 -2333.64
-3648.06 -1351.84 -2296.22
-3642.82 -1328.09 -2314.73
-3730.28 -1396.46 -2333.83
-3673.84 -1351.77 -2322.07
-3675.53 -1354.42 -2321.11
-3712.6 -1366.49 -2346.1
-3698.63 -1343.4 -2355.22
-3695.19 -1333.73 -2361.45
-3650.38 -1347.71 -2302.67
-3724.34 -1343.96 -2380.39
-3586.18 -1374.34 -2211.84
-3663.75 -1372.45 -2291.3
-3666.84 -1363.74 -2303.11
-3796.41 -1335.14 -2461.27
-3723.45 -1350.82 -2372.64
-3734.16 -1373.35 -2360.81
-3820.01 -1344.87 -2475.14
-3749.34 -1332.36 -2416.98
-3611.08 -1345.55 -2265.54
-3784.76 -1359.82 -2424.94
-3784.8 -1339.2 -2445.59
-3622.64 -1371.88 -2250.77
-3724.71 -1336.66 -2388.05
-3793.53 -1366.71 -2426.82
-3732 -1378.12 -2353.88
-3695.17 -1373.8 -2321.36
-3677.18 -1355.44 -2321.74
-3675.63 -1346.85 -2328.78
-3727.83 -1346.26 -2381.57
-3717.84 -1361.53 -2356.31
-3639.19 -1344.34 -2294.84
-3688.66 -1318.07 -2370.6
-3688.65 -1343.41 -2345.24
-3656.01 -1364.5 -2291.52
-3694.64 -1350.15 -2344.5
-3623.4 -1364 -2259.39
-3675.35 -1329.99 -2345.37
-3651.68 -1360.63 -2291.05
-3651.58 -1367.17 -2284.4
-3722.46 -1383.67 -2338.8
-3675.96 -1373.26 -2302.69
-3664.23 -1337.71 -2326.51
-3699.47 -1324.34 -2375.13
-3728.55 -1350.9 -2377.65
-3654.09 -1328.65 -2325.44
-3614.51 -1357.47 -2257.03
-3644 -1364.45 -2279.55
-3658.99 -1341.49 -2317.5
-3773.03 -1328.99 -2444.04
-3790.88 -1375.51 -2415.37
-3615.58 -1377.05 -2238.54
-3592.45 -1365 -2227.45
-3642.19 -1369.36 -2272.83
-3649.87 -1364.76 -2285.11
-3676.39 -1363.48 -2312.91
-3672.62 -1352.83 -2319.79
-3702.12 -1345.76 -2356.35
-3801.75 -1368.63 -2433.12
-3601.27 -1334.15 -2267.12
-3672.81 -1327.82 -2344.99
-3710.65 -1374.9 -2335.75
-3709.19 -1346.69 -2362.5
-3669.92 -1347.38 -2322.54
-3648.89 -1340.67 -2308.22
-3751 -1337.36 -2413.64
-3686.01 -1330.53 -2355.48
-3732.51 -1328.21 -2404.3
-3708.02 -1334.5 -2373.52
-3746.9 -1387.1 -2359.8
-3651.34 -1338.15 -2313.19
-3620.74 -1346.78 -2273.95
-3662.99 -1321.7 -2341.29
-3738.08 -1374.5 -2363.58
-3682.69 -1331.27 -2351.42
-3648.7 -1344.72 -2303.98
-3669.23 -1353.66 -2315.56
-3751.64 -1372.9 -2378.73
-3629.49 -1375.92 -2253.57
-3646.03 -1364.07 -2281.96
-3674.32 -1315.83 -2358.49
-3749.95 -1371.77 -2378.18
-3624.97 -1338.28 -2286.69
-3684.54 -1365.28 -2319.26
-3777.43 -1368.97 -2408.46
-3689.01 -1341.73 -2347.28
-3714.82 -1355.08 -2359.74
-3615.44 -1353.45 -2261.98
-3725.96 -1344.67 -2381.3
-3659.53 -1342.34 -2317.18
-3704.03 -1356.93 -2347.1
-3701.97 -1327.88 -2374.09
-3606.29 -1340.5 -2265.79
-3739.95 -1352.57 -2387.38
-3630.17 -1373.72 -2256.45
-3701.21 -1353.61 -2347.6
-3645.73 -1369.27 -2276.46
-3729.42 -1326.44 -2402.98
-3642.02 -1324.56 -2317.46
-3627.77 -1348.39 -2279.38
-3768.17 -1356 -2412.17
-3673.97 -1397.88 -2276.09
-3656.6 -1321.92 -2334.67
-3642.65 -1369.22 -2273.43
-3742.01 -1332.75 -2409.26
-3656.92 -1328.71 -2328.22
-3746.66 -1362.95 -2383.71
-3651.53 -1362.02 -2289.51
-3703.64 -1360.48 -2343.16
-3650.18 -1337.1 -2313.08
-3761.35 -1340.94 -2420.41
-3540.94 -1362.95 -2177.99
-3682.13 -1351.79 -2330.34
-3664.37 -1341.33 -2323.05
-3732.09 -1374.1 -2357.99
-3740.42 -1350.91 -2389.51
-3590.91 -1356.8 -2234.11
-3752.33 -1398.18 -2354.15
-3620.54 -1365.29 -2255.24
-3722.83 -1374.7 -2348.13
-3643.78 -1343.24 -2300.54
-3680.48 -1348.97 -2331.52
-3753.72 -1368.1 -2385.63
-3731.64 -1349.96 -2381.68
-3650.36 -1362.35 -2288.01
-3666.61 -1355.17 -2311.44
-3659.79 -1349.87 -2309.92
-3685.07 -1381.02 -2304.06
-3639.3 -1367.18 -2272.11
-3650.5 -1347.35 -2303.15
-3604.59 -1343.22 -2261.37
-3675.25 -1358.08 -2317.17
-3707.49 -1352.99 -2354.5
-3687.13 -1336.46 -2350.66
-3661.28 -1340.54 -2320.74
-3682.58 -1368.04 -2314.54
-3705.84 -1371.49 -2334.34
-3705.9 -1351.16 -2354.74
-3691.7 -1364.58 -2327.12
-3631.75 -1335.32 -2296.44
-3687.1 -1337.03 -2350.07
-3689.43 -1323.75 -2365.67
-3665.43 -1352.67 -2312.76
-3783.28 -1363.76 -2419.52
-3709.45 -1341.67 -2367.79
-3656.9 -1335.05 -2321.85
-3762.39 -1363.4 -2398.99
-3711.5 -1353.64 -2357.85
-3657.36 -1361.81 -2295.54
-3765.95 -1350.81 -2415.14
-3793.04 -1387.88 -2405.15
-3747.67 -1362.96 -2384.71
-3695.2 -1342.55 -2352.65
-3790.15 -1353.08 -2437.07
-3754.09 -1368.76 -2385.33
-3634.95 -1355.01 -2279.94
-3773.93 -1342.05 -2431.88
-3786.59 -1358.49 -2428.1
-3658.8 -1370.32 -2288.48
-3763.21 -1364.38 -2398.83
-3787.34 -1378.52 -2408.82
-3690.91 -1386.6 -2304.31
-3731.95 -1341.14 -2390.81
-3734.28 -1403.01 -2331.28
-3718.84 -1369.73 -2349.1
-3686.22 -1362.48 -2323.73
-3702.82 -1351.79 -2351.02
-3713.52 -1341.7 -2371.82
-3701.09 -1346.43 -2354.65
-3725.81 -1343.86 -2381.95
-3744.05 -1347.69 -2396.36
-3630.39 -1354.19 -2276.2
-3696.82 -1378.74 -2318.08
-3803.54 -1354.78 -2448.76
-3687.51 -1394.52 -2292.99
-3684.4 -1371.05 -2313.35
-3792.31 -1352.4 -2439.91
-3703 -1331.01 -2371.99
-3602.26 -1369.89 -2232.37
-3638.48 -1361.21 -2277.28
-3706.44 -1362.85 -2343.59
-3798.72 -1381.7 -2417.02
-3669.73 -1364.24 -2305.49
-3669.49 -1344.92 -2324.58
-3715.92 -1332.97 -2382.96
-3601.21 -1352.37 -2248.84
-3782.17 -1374.72 -2407.45
-3665.17 -1345.47 -2319.7
-3630.02 -1346.89 -2283.12
-3597.92 -1371.09 -2226.84
-3658.68 -1349.33 -2309.35
-3737.49 -1368.24 -2369.25
-3664.23 -1356.95 -2307.28
-3692.13 -1358.87 -2333.26
-3696.11 -1329.23 -2366.88
-3717.63 -1374.63 -2343
-3663.77 -1318.45 -2345.32
-3791.6 -1364.2 -2427.4
-3694.7 -1365.45 -2329.25
-3584.44 -1356.85 -2227.59
-3674.17 -1322.21 -2351.96
-3630.26 -1355.94 -2274.32
-3716.37 -1360.96 -2355.41
-3651.53 -1354.47 -2297.06
-3729.88 -1357.76 -2372.12
-3597.33 -1361.61 -2235.72
-3708.05 -1342.65 -2365.4
-3646.53 -1333.08 -2313.45
-3660.81 -1342.18 -2318.63
-3775.16 -1341.89 -2433.27
-3710.43 -1333.23 -2377.2
-3691.49 -1337.34 -2354.15
-3813.17 -1372.93 -2440.23
-3601.16 -1357.77 -2243.39
-3758.64 -1335.95 -2422.69
-3698.31 -1350.85 -2347.45
-3742.88 -1355.49 -2387.39
-3697.88 -1336.87 -2361.01
-3652.32 -1348.33 -2303.99
-3789.22 -1337.87 -2451.36
-3636.28 -1335.33 -2300.95
-3657.74 -1353.87 -2303.88
-3729.19 -1311.24 -2417.94
-3726.37 -1379.71 -2346.66
-3704.25 -1356.03 -2348.22
-3749.61 -1347.13 -2402.48
-3734.07 -1336.69 -2397.38
-3707.87 -1359.08 -2348.8
-3687.69 -1336.83 -2350.86
-3755.51 -1344.29 -2411.22
-3631.68 -1372.8 -2258.88
-3604.43 -1383.22 -2221.21
-3762.34 -1363.63 -2398.7
-3686.27 -1369.85 -2316.42
-3670.84 -1351.36 -2319.48
-3726.15 -1373.79 -2352.36
-3581.46 -1355.24 -2226.21
-3684.32 -1386.95 -2297.36
-3664.16 -1364.86 -2299.29
-3785.53 -1367.65 -2417.88
-3735.92 -1369.62 -2366.3
-3624.69 -1367.14 -2257.55
-3849.39 -1343.89 -2505.51
-3706.57 -1347.88 -2358.69
-3619.16 -1351.83 -2267.33
-3647 -1341.53 -2305.46
-3701.78 -1338.61 -2363.17
-3700.61 -1346.07 -2354.54
-3671.61 -1369.41 -2302.2
-3700.13 -1359.78 -2340.35
-3715.95 -1374.83 -2341.12
-3696.23 -1381.82 -2314.41
-3720.23 -1326.81 -2393.42
-3702.28 -1344.53 -2357.75
-3558.12 -1351.36 -2206.76
-3598.56 -1352.08 -2246.48
-3682.35 -1353.22 -2329.13
-3781.86 -1375.12 -2406.74
-3619.26 -1370.45 -2248.81
-3691.39 -1359.5 -2331.89
-3737.18 -1372.43 -2364.75
-3693.41 -1318.94 -2374.47
-3674.29 -1350.48 -2323.81
-3700.27 -1381.06 -2319.22
-3626.67 -1337.17 -2289.5
-3672.25 -1348.43 -2323.82
-3709.86 -1361.67 -2348.19
-3680.57 -1352.52 -2328.05
-3663.19 -1360.6 -2302.59
-3711.31 -1339.59 -2371.71
-3662.03 -1371.27 -2290.76
-3741.12 -1367.66 -2373.46
-3604.98 -1316.58 -2288.4
-3721.54 -1388.08 -2333.46
-3693.68 -1320.09 -2373.59
-3747.05 -1354.69 -2392.36
-3712.41 -1340.64 -2371.77
-3613.67 -1354.47 -2259.2
-3666.46 -1370.41 -2296.05
-3702.6 -1367.93 -2334.66
-3767.89 -1360.93 -2406.96
-3673.65 -1389.28 -2284.36
-3622.41 -1377.45 -2244.96
-3626.52 -1312.24 -2314.29
-3647.21 -1341.97 -2305.24
-3708.78 -1366.09 -2342.69
-3702.55 -1352 -2350.55
-3770.33 -1344.62 -2425.71
-3640.35 -1345.64 -2294.7
-3668.61 -1355.4 -2313.21
-3642.74 -1350.51 -2292.23
-3666.16 -1352.9 -2313.26
-3685.84 -1343.1 -2342.74
-3673.26 -1360.27 -2312.99
-3665.4 -1365.44 -2299.96
-3720.12 -1355.24 -2364.88
-3691.09 -1350.56 -2340.53
-3648.37 -1354.2 -2294.16
-3640.13 -1335.77 -2304.36
-3777.73 -1334.5 -2443.24
-3772.94 -1354.95 -2417.99
-3738.19 -1344.26 -2393.94
-3734.76 -1373.97 -2360.8
-3690.42 -1364.02 -2326.4
-3641.54 -1351.29 -2290.25
-3760.23 -1339.8 -2420.43
-3650.87 -1358.55 -2292.32
-3703.53 -1357.41 -2346.12
-3574.96 -1358.12 -2216.85
-3806.49 -1337.88 -2468.61
-3727.31 -1339.73 -2387.59
-3661.81 -1362.89 -2298.92
-3710.13 -1332.67 -2377.46
-3663.2 -1380.51 -2282.69
-3689.6 -1344.41 -2345.19
-3693.92 -1362.91 -2331.02
-3655.51 -1336.22 -2319.29
-3654.27 -1362.53 -2291.74
-3802.57 -1406.93 -2395.63
-3687.95 -1353.55 -2334.41
-3661.15 -1330.5 -2330.65
-3737.28 -1362.91 -2374.37
-3779.87 -1362.52 -2417.36
-3696.85 -1366.64 -2330.21
-3634 -1342.71 -2291.29
-3678.26 -1351.83 -2326.43
-3646.95 -1378.08 -2268.86
-3716.22 -1374.92 -2341.31
-3767.62 -1336.24 -2431.38
-3769.98 -1332.41 -2437.57
-3613.06 -1327.39 -2285.67
-3628.88 -1363.87 -2265.01
-3672.04 -1355.48 -2316.56
-3775.29 -1329.07 -2446.21
-3660.83 -1360.89 -2299.95
-3681.94 -1370.48 -2311.46
-3776.9 -1371.97 -2404.93
-3689.56 -1338.26 -2351.3
-3828.26 -1352.97 -2475.29
-3755.61 -1405.48 -2350.14
-3683.8 -1352.83 -2330.97
-3734.41 -1358.56 -2375.85
-3685.22 -1338.87 -2346.35
-3753.73 -1348.34 -2405.38
-3771.21 -1362 -2409.21
-3625.82 -1372.68 -2253.14
-3689.3 -1341.61 -2347.69
-3762.34 -1344 -2418.34
-3716.57 -1385.88 -2330.69
-3646.18 -1349.12 -2297.05
-3750.86 -1357.45 -2393.41
-3764.6 -1363.31 -2401.29
-3673.45 -1357.11 -2316.34
-3674.76 -1355.28 -2319.48
-3694.99 -1370.62 -2324.37
-3761.85 -1368.2 -2393.65
-3752.62 -1362.89 -2389.72
-3747.65 -1353.43 -2394.23
-3651.87 -1358.71 -2293.16
-3656.68 -1376.2 -2280.49
-3664.45 -1373.79 -2290.66
-3732.27 -1357.54 -2374.74
-3777.83 -1378.47 -2399.35
-3686.13 -1373.35 -2312.78
-3831.76 -1360.98 -2470.78
-3652.69 -1350.71 -2301.98
-3572.21 -1362.93 -2209.28
-3719.05 -1343.18 -2375.87
-3630.92 -1346.21 -2284.71
-3688.63 -1349.02 -2339.61
-3728.39 -1339.69 -2388.69
-3717.85 -1354.44 -2363.41
-3695.52 -1340.21 -2355.31
-3693.78 -1363.83 -2329.95
-3671.28 -1343.91 -2327.37
-3747.86 -1357.21 -2390.65
-3723.35 -1361.63 -2361.72
-3683.25 -1342.31 -2340.94
-3768.64 -1341.55 -2427.09
-3625.44 -1333.76 -2291.68
-3743.73 -1366.1 -2377.62
-3691.72 -1369.68 -2322.03
-3610.19 -1356.27 -2253.91
-3756.85 -1366.66 -2390.2
-3701.7 -1346.33 -2355.36
-3728.28 -1379.03 -2349.25
-3667.75 -1351.41 -2316.33
-3539.38 -1356.62 -2182.76
-3630.63 -1346.31 -2284.32
-3740.92 -1331.9 -2409.01
-3676.51 -1348.62 -2327.89
-3693.9 -1354.78 -2339.12
-3602.12 -1370.4 -2231.72
-3690.56 -1356.65 -2333.91
-3724.89 -1357.77 -2367.12
-3684.85 -1349.29 -2335.56
-3660.91 -1386.93 -2273.98
-3711.56 -1333.95 -2377.61
-3695.51 -1355 -2340.51
-3731.09 -1375.2 -2355.89
-3629.52 -1353.74 -2275.78
-3605.24 -1369.99 -2235.25
-3605.07 -1362.93 -2242.13
-3743.84 -1384.14 -2359.7
-3649.36 -1358.26 -2291.1
-3777.89 -1346.04 -2431.85
-3666.94 -1355.42 -2311.52
-3698.68 -1363.89 -2334.78
-3696.92 -1358.75 -2338.17
-3675.19 -1360.43 -2314.77
-3706.55 -1345.93 -2360.62
-3714.66 -1370.88 -2343.78
-3580.69 -1353.41 -2227.28
-3714.65 -1348.7 -2365.95
-3829.97 -1347.91 -2482.06
-3734.02 -1337.82 -2396.2
-3726.03 -1371.71 -2354.32
-3705.64 -1355.78 -2349.87
-3547.95 -1331.48 -2216.47
-3689.58 -1360.21 -2329.37
-3631.84 -1344.75 -2287.09
-3850.13 -1360.62 -2489.51
-3722.77 -1321.23 -2401.54
-3672.49 -1355.61 -2316.88
-3725.24 -1359.06 -2366.19
-3630.6 -1352.12 -2278.48
-3746.03 -1342.33 -2403.7
-3649.32 -1364.76 -2284.56
-3704.51 -1366.07 -2338.44
-3672.8 -1341.23 -2331.56
-3693.4 -1368.53 -2324.87
-3740.25 -1356.93 -2383.32
-3685.26 -1355.17 -2330.1
-3726.12 -1381.66 -2344.46
-3738.05 -1363.49 -2374.57
-3674.7 -1378.43 -2296.27
-3693.03 -1367.63 -2325.39
-3700.57 -1369.34 -2331.23
-3730.11 -1364.7 -2365.41
-3656.39 -1378.74 -2277.65
-3692.46 -1356.94 -2335.52
-3688.94 -1364.04 -2324.89
-3687.25 -1327.68 -2359.57
-3689.79 -1361.31 -2328.48
-3747.82 -1385.32 -2362.5
-3742.92 -1372.1 -2370.83
-3771.16 -1371.76 -2399.4
-3794.25 -1366.84 -2427.42
-3715.89 -1338.19 -2377.7
-3599.93 -1335.69 -2264.24
-3728.72 -1332.96 -2395.76
-3741.86 -1335.83 -2406.03
-3682.39 -1322.24 -2360.15
-3615.9 -1357.18 -2258.73
-3678.25 -1336.97 -2341.28
-3623.7 -1346.73 -2276.97
-3696.6 -1385.04 -2311.56
-3733.96 -1382.22 -2351.74
-3645.99 -1360.1 -2285.89
-3664.46 -1351.08 -2313.38
-3738.17 -1373.21 -2364.96
-3757.3 -1359.4 -2397.9
-3618.02 -1363.13 -2254.89
-3724.62 -1343.12 -2381.5
-3704.05 -1371.28 -2332.77
-3729.32 -1381.6 -2347.71
-3717.63 -1378.29 -2339.34
-3719.89 -1381.12 -2338.77
-3721.87 -1333.78 -2388.09
-3649.03 -1349 -2300.03
-3662.15 -1356.58 -2305.57
-3639.43 -1380.83 -2258.6
-3662.14 -1331.36 -2330.78
-3826.87 -1347.54 -2479.33
-3637.32 -1370.35 -2266.97
-3843.02 -1337.01 -2506.01
-3741.3 -1400.02 -2341.27
-3681.94 -1360.31 -2321.63
-3707.78 -1352.03 -2355.75
-3727.87 -1343.07 -2384.8
-3779.02 -1341.89 -2437.12
-3655.99 -1358.16 -2297.83
-3805.71 -1356.08 -2449.63
-3680.14 -1379.79 -2300.35
-3681.23 -1350.26 -2330.97
-3770.22 -1353.02 -2417.2
-3598.62 -1355.19 -2243.43
-3738.74 -1369.66 -2369.08
-3732.96 -1378.29 -2354.67
-3630.72 -1368.7 -2262.02
-3688.98 -1368.26 -2320.72
-3805.4 -1358.2 -2447.2
-3668.47 -1347.84 -2320.64
-3668.94 -1335.36 -2333.59
-3746.38 -1374.13 -2372.25
-3741.96 -1333.43 -2408.53
-3657.15 -1343.87 -2313.27
-3661.23 -1350.45 -2310.78
-3658.08 -1335.09 -2322.99
-3650.24 -1343.53 -2306.72
-3718.14 -1349.62 -2368.53
-3694.77 -1386.61 -2308.17
-3619.35 -1331.43 -2287.92
-3604.74 -1342.72 -2262.01
-3698.23 -1353.26 -2344.98
-3735.9 -1355.65 -2380.25
-3693.51 -1373.32 -2320.19
-3634.97 -1340.7 -2294.27
-3689.68 -1370.82 -2318.86
-3622.72 -1374.3 -2248.42
-3652.08 -1376.61 -2275.47
-3648.79 -1344.86 -2303.93
-3671 -1369.43 -2301.56
-3638.08 -1350.42 -2287.66
-3670.92 -1370.84 -2300.07
-3663.12 -1391.37 -2271.75
-3586.88 -1389.54 -2197.34
-3610.88 -1380.79 -2230.09
-3566.12 -1354.11 -2212.01
-3503.07 -1351.41 -2151.65
-3534.69 -1349.38 -2185.31
-3587.93 -1359.21 -2228.72
-3642.05 -1381.58 -2260.47
-3707.49 -1353.84 -2353.65
-3547.22 -1365.93 -2181.29
-3661.78 -1371.16 -2290.62
-3548.15 -1388.31 -2159.84
-3583.23 -1362.25 -2220.98
-3540.99 -1370.89 -2170.1
-3557.39 -1363.86 -2193.53
-3634.22 -1357.42 -2276.8
-3598.43 -1371.12 -2227.31
-3603.66 -1372.04 -2231.62
-3634.43 -1366.87 -2267.56
-3620.51 -1352.95 -2267.57
-3572.85 -1378.52 -2194.33
-3591.21 -1347.19 -2244.02
-3544.22 -1397.07 -2147.15
-3542.81 -1386.03 -2156.78
-3526.21 -1356.99 -2169.22
-3609.9 -1369.77 -2240.13
-3606.41 -1349.03 -2257.38
-3596.35 -1363.55 -2232.8
-3603.88 -1364.83 -2239.05
-3642.09 -1384.21 -2257.88
-3576.67 -1362.82 -2213.86
-3588.31 -1343.41 -2244.91
-3620.58 -1359.12 -2261.46
-3612.59 -1382.5 -2230.08
-3527.19 -1355.98 -2171.21
-3560.5 -1385.07 -2175.43
-3552.51 -1365.23 -2187.28
-3669.61 -1400.4 -2269.21
-3666.25 -1386.41 -2279.83
-3617.66 -1376.61 -2241.05
-3593.63 -1391.17 -2202.46
