25
25
32
39
30
49
25
35
27
22
27
32
30
29
21
18
32
20
35
32
36
30
25
27
41
30
38
28
27
20
29
37
29
33
35
27
25
25
36
40
23
23
25
29
24
27
44
35
20
28
30
32
22
33
28
28
53
31
41
32
40
38
26
23
27
43
21
38
21
38
31
43
30
33
42
29
29
26
32
26
34
28
38
24
26
25
24
28
40
26
34
24
28
22
31
27
27
40
29
25
35
36
45
19
23
22
29
40
26
27
24
23
29
37
37
51
18
26
38
23
36
31
42
30
30
25
24
33
54
24
19
32
27
26
41
26
39
48
31
33
27
36
44
19
28
43
34
31
26
35
30
29
19
22
47
22
35
20
27
31
26
26
26
27
27
32
42
33
25
37
25
33
34
28
38
19
35
23
25
33
27
32
26
18
21
22
62
32
35
29
29
27
24
36
66
28
30
19
29
39
26
27
27
33
21
30
39
27
34
36
25
31
25
26
51
30
41
26
31
49
33
38
32
22
27
48
36
32
32
32
44
15
24
28
33
24
30
29
28
23
39
28
24
38
41
51
28
28
31
33
35
28
32
26
21
32
34
33
28
32
35
30
40
38
50
37
39
27
33
39
40
22
25
30
22
30
29
26
29
40
17
38
37
22
36
30
34
34
29
30
39
38
18
23
25
23
36
25
22
39
25
31
41
28
31
35
34
26
32
37
30
36
23
21
24
31
23
29
43
24
35
28
20
21
37
31
25
46
36
30
26
23
31
22
27
26
21
26
37
21
31
21
27
28
22
45
35
27
29
27
26
24
30
38
46
35
20
22
49
43
30
27
33
34
31
43
41
32
29
19
29
43
39
28
31
28
33
36
30
18
32
24
27
28
44
24
36
23
23
37
21
48
29
36
31
36
19
33
36
28
25
25
42
23
28
17
37
30
39
22
27
22
30
25
29
25
37
39
29
27
22
35
23
23
26
51
31
31
24
22
23
38
34
33
41
41
29
26
34
31
39
33
39
15
28
36
28
21
32
39
34
33
30
27
23
29
25
21
31
29
39
37
30
25
36
32
25
26
36
33
30
35
24
35
34
25
46
27
22
26
27
33
37
43
27
32
30
25
28
43
27
27
25
27
29
32
25
21
25
24
19
24
25
27
42
26
19
40
38
37
31
34
25
29
26
34
28
33
29
24
34
24
28
35
28
33
25
41
28
34
26
27
22
29
27
33
28
24
28
24
27
29
27
21
21
17
25
16
18
22
27
36
35
28
39
26
25
33
51
28
33
22
32
23
40
32
30
35
27
25
36
37
20
21
24
28
24
34
32
36
36
24
20
32
35
21
35
37
34
35
17
34
31
25
27
26
34
22
32
29
36
28
19
45
25
31
29
25
37
25
21
28
38
30
38
30
23
21
33
28
40
20
32
45
28
34
47
24
22
32
25
31
25
35
31
36
42
20
38
29
34
31
45
30
24
29
24
30
44
22
26
31
28
43
26
30
28
20
38
37
28
24
29
26
40
28
33
27
40
23
25
29
31
31
22
20
35
29
23
34
34
33
32
39
36
29
24
27
37
34
22
42
17
40
29
25
27
36
27
27
26
22
33
35
28
22
26
20
32
25
40
23
24
33
21
25
29
43
33
22
29
23
22
29
23
37
34
26
21
24
22
24
26
30
32
38
25
34
34
28
23
23
27
29
35
27
22
37
25
24
36
35
28
30
28
22
29
28
43
24
44
40
39
28
14
34
31
40
44
41
34
27
26
25
20
25
25
28
41
25
29
33
27
23
32
24
24
33
34
34
38
30
36
25
21
56
35
29
28
23
30
30
35
24
35
18
29
31
53
39
24
20
22
34
39
21
44
22
33
25
26
28
44
26
34
34
30
32
27
24
30
22
24
37
26
30
20
32
36
37
23
28
21
33
21
33
35
30
15
29
24
28
36
29
25
39
27
25
21
28
25
21
32
39
29
26
24
21
46
30
25
27
20
20
25
27
23
24
27
37
21
40
16
39
32
28
34
31
32
19
25
21
32
36
43
27
22
48
37
32
30
35
27
31
62
26
34
28
20
27
21
26
22
28
27
37
19
27
31
33
28
27
25
35
32
31
30
37
32
24
24
35
20
32
29
31
25
23
23
18
22
23
28
32
31
21
19
24
24
32
25
27
35
23
25
21
21
25
39
38
37
30
28
32
19
30
33
21
25
40
32
27
34
28
24
26
23
23
39
45
23
29
29
37
46
37
24
29
25
31
42
20
45
29
20
19
30
24
21
36
