164 28 2 6 10 2 1 1 2 1 3 2 1 1 0 0 0 0 0 0 0 0 0 0 0 224
164 28 6 10 2 1 1 2 2 2 1 1 3 1 0 0 0 0 0 0 0 0 0 0 0 224
164 28 6 2 1 1 2 2 3 10 1 2 1 1 0 0 0 0 0 0 0 0 0 0 0 0 0 0 0 0 0 0 224
163 2 29 10 6 2 2 2 1 1 1 1 3 1 0 0 0 0 0 0 0 0 0 0 0 0 0 0 0 0 0 0 0 0 0 0 0 0 0 224
25 167 6 2 10 1 1 2 1 3 2 1 2 1 0 0 0 0 0 0 0 0 0 0 0 0 0 0 0 0 224
161 31 6 10 1 1 3 2 2 2 1 1 1 2 0 0 0 0 0 0 0 0 0 0 0 0 0 0 0 0 0 0 0 0 0 0 0 0 0 0 0 0 0 0 0 0 0 0 0 224
167 2 25 10 2 6 2 1 3 1 1 1 1 2 0 0 0 0 0 0 0 0 0 0 0 224
165 27 2 10 2 1 3 1 6 1 2 1 2 1 0 0 0 0 0 0 0 0 0 0 0 0 0 0 0 0 0 0 0 0 0 224
164 28 10 1 1 6 2 2 1 2 3 1 2 1 0 0 0 0 0 0 0 0 0 0 0 0 0 224
163 29 6 2 2 2 1 2 3 10 1 1 1 1 0 0 0 0 0 0 0 0 224
168 24 10 1 1 6 1 3 1 2 2 2 1 2 0 0 0 0 0 0 0 0 0 0 0 0 0 224
162 30 2 2 1 6 10 2 1 1 1 2 3 1 0 0 0 0 0 0 0 0 0 0 0 0 0 0 0 0 0 0 224
167 25 6 10 2 3 2 1 1 1 2 1 2 1 0 0 0 0 0 0 0 0 0 0 0 0 0 0 0 0 224
165 2 27 3 10 2 6 1 2 1 2 1 1 1 0 0 0 0 0 0 0 0 0 0 0 0 0 0 0 224
164 28 10 6 3 1 1 2 2 1 1 1 2 2 0 0 0 0 0 0 0 224
164 28 10 2 2 2 6 1 1 3 1 1 2 1 0 0 0 0 224
164 28 3 10 2 2 1 1 1 1 2 6 1 2 0 0 0 0 0 0 0 0 0 0 0 0 0 0 0 0 0 0 224
164 28 2 10 1 6 1 1 2 2 3 1 2 1 0 0 0 0 0 0 224
163 29 6 3 10 2 1 1 2 1 2 2 1 1 0 0 0 0 0 0 0 0 0 0 0 0 0 0 0 0 0 0 0 0 0 224
164 2 1 10 28 1 6 3 2 2 1 1 2 1 0 0 0 0 0 0 0 0 0 0 0 0 0 0 0 0 0 0 224
164 10 28 2 6 1 1 3 1 1 2 2 1 2 0 0 0 0 0 0 0 0 0 0 0 0 0 0 0 0 0 0 0 0 0 0 224
163 29 1 2 10 6 3 2 1 2 2 1 1 1 0 0 0 0 0 0 0 0 0 0 0 0 0 0 0 0 224
163 29 1 6 2 10 2 2 2 1 1 1 1 3 0 0 0 0 0 0 0 0 0 0 0 224
164 10 28 2 1 6 2 2 1 3 1 2 1 1 0 0 0 0 0 0 0 0 0 0 0 0 0 224
166 26 10 1 2 3 2 1 6 2 2 1 1 1 0 0 0 0 0 0 0 0 0 0 0 0 0 0 0 0 0 0 0 0 0 0 0 0 0 0 0 224
166 6 2 3 2 26 2 10 2 1 1 1 1 1 0 0 0 0 0 0 0 0 0 0 0 0 0 0 0 0 224
165 27 10 2 3 1 6 2 1 1 1 2 1 2 0 0 0 0 0 0 0 0 0 0 0 0 0 0 0 0 0 0 0 0 0 0 0 0 224
159 33 10 1 1 6 2 2 1 2 1 3 1 2 0 0 0 0 0 0 0 0 0 0 0 0 0 0 224
165 1 27 10 2 6 3 2 2 2 1 1 1 1 0 0 0 0 0 0 0 0 0 0 0 0 0 224
159 1 2 1 33 6 2 3 2 1 10 2 1 1 0 0 0 0 0 0 224
163 29 2 6 10 2 2 3 2 1 1 1 1 1 0 0 0 0 0 0 0 0 0 0 0 0 0 0 0 224
165 27 6 10 3 1 2 2 2 1 1 1 1 2 0 0 0 0 0 0 0 0 0 0 0 0 0 0 0 0 0 0 0 0 0 0 0 224
28 164 6 1 10 3 2 1 1 2 2 1 2 1 0 0 0 0 0 0 0 0 0 0 0 0 0 0 0 224
161 31 2 10 1 6 1 1 2 1 1 2 3 2 0 0 0 0 0 0 0 0 0 0 0 0 0 0 0 0 0 0 0 224
166 26 2 6 1 10 2 3 2 1 2 1 1 1 0 0 0 0 0 0 0 0 0 0 0 0 0 0 0 0 0 0 0 0 0 224
164 28 3 2 10 2 6 1 2 2 1 1 1 1 0 0 0 0 0 0 0 0 0 0 0 0 0 224
163 29 6 10 1 2 1 2 3 2 2 1 1 1 0 0 0 0 0 0 0 0 0 0 0 224
165 27 2 1 3 6 1 10 2 2 1 1 1 2 0 0 0 0 0 0 0 0 0 0 0 224
163 29 10 1 6 2 2 1 1 2 3 1 2 1 0 0 0 0 0 0 0 0 0 0 0 0 0 0 0 0 0 0 0 0 0 0 224
166 1 26 2 10 1 6 2 2 1 3 1 2 1 0 0 0 0 0 0 0 0 0 0 0 0 0 0 0 0 0 0 0 0 0 0 0 0 0 0 224
163 29 6 1 2 3 10 2 2 1 1 2 1 1 0 0 0 0 0 0 0 0 0 224
165 10 3 2 27 6 2 2 1 1 1 1 1 2 0 0 0 0 0 0 0 0 0 224
165 27 10 1 2 6 2 1 1 1 3 2 2 1 0 0 0 0 0 0 0 0 0 0 0 224
165 27 10 6 2 3 1 1 2 2 2 1 1 1 0 0 0 0 0 0 0 0 0 0 0 0 0 0 0 224
164 28 10 2 3 2 2 1 6 2 1 1 1 1 0 0 0 0 0 0 0 0 0 0 224
6 165 27 2 10 1 3 1 1 1 2 1 2 2 0 0 0 0 0 0 0 0 0 0 0 0 0 224
166 10 26 1 3 6 2 1 2 2 1 2 1 1 0 0 0 0 0 0 0 0 0 0 0 0 0 0 0 0 0 0 0 0 0 0 0 0 0 0 0 0 0 0 224
162 30 10 3 2 2 6 1 1 1 2 1 2 1 0 0 0 0 0 0 0 0 0 0 0 0 0 0 0 0 0 0 0 0 0 224
166 10 26 6 3 1 1 2 2 1 2 1 1 2 0 0 0 0 0 0 224
165 27 6 1 10 3 2 1 1 1 2 2 1 2 0 0 0 0 0 0 0 0 0 0 0 0 0 0 224
164 2 28 6 2 10 3 1 2 1 1 2 1 1 0 0 0 0 0 0 0 0 0 0 0 0 0 0 0 0 224
166 26 10 3 2 6 1 2 1 2 1 1 1 2 0 0 0 0 0 0 0 0 0 0 0 0 0 0 0 0 0 0 224
166 2 10 6 26 3 1 2 2 1 2 1 1 1 0 0 0 0 0 0 0 0 224
165 27 6 10 2 1 2 2 3 1 2 1 1 1 0 0 0 0 0 0 0 0 0 0 0 0 0 0 0 0 0 0 0 224
164 2 28 6 1 2 2 3 10 1 2 1 1 1 0 0 0 0 0 0 0 0 0 0 0 0 0 0 224
165 27 10 2 1 1 2 2 3 1 2 6 1 1 0 0 0 0 0 0 0 0 0 0 0 0 0 0 224
164 2 28 2 3 1 10 1 1 6 1 2 1 2 0 0 0 0 0 0 0 0 0 0 0 0 0 0 0 0 0 0 0 0 0 0 0 0 0 0 0 0 0 0 0 0 0 0 0 0 0 0 0 224
166 1 26 2 2 3 1 6 10 2 1 1 1 2 0 0 0 0 0 0 0 0 0 0 0 0 0 0 0 0 0 224
166 26 1 10 3 2 1 6 2 1 2 2 1 1 0 0 0 0 0 0 0 0 0 0 0 0 0 0 0 0 0 0 0 0 0 0 0 0 0 0 0 224
167 3 25 6 1 10 1 2 2 1 1 2 1 2 0 0 0 0 0 0 0 0 0 0 0 0 0 0 0 0 0 0 224
164 28 10 1 1 6 2 3 2 2 1 1 2 1 0 0 0 0 0 0 0 0 0 0 0 0 0 0 0 0 0 0 0 0 0 0 0 0 0 0 224
166 1 10 2 26 1 1 6 3 2 1 2 1 2 0 0 0 0 0 0 0 0 0 0 0 0 0 0 0 0 0 0 0 0 0 0 0 0 224
165 27 2 2 1 10 1 6 1 1 1 2 2 3 0 0 0 0 0 0 0 0 0 0 0 0 224
165 27 10 2 6 2 2 3 2 1 1 1 1 1 0 0 0 0 0 0 0 0 0 224
165 1 2 10 1 27 6 2 1 2 2 3 1 1 0 0 0 0 0 0 0 0 0 0 0 0 0 224
164 28 1 10 6 1 2 1 2 1 2 2 3 1 0 0 0 0 0 0 0 0 0 0 0 0 0 0 0 0 0 0 0 0 0 0 0 0 0 0 0 0 0 224
166 26 2 1 10 2 3 6 1 1 2 1 1 2 0 0 0 0 0 0 0 224
164 10 28 2 6 1 2 3 2 1 1 1 1 2 0 0 0 0 0 0 0 0 0 0 0 0 0 0 0 0 0 0 0 0 0 0 0 0 224
164 28 2 10 1 6 1 3 2 1 1 1 2 2 0 0 0 0 0 0 0 224
168 24 1 10 6 2 2 1 1 2 3 2 1 1 0 0 0 0 0 0 0 0 0 0 0 0 0 0 0 0 0 0 0 0 0 0 0 0 224
165 27 1 2 10 6 1 3 2 1 2 1 1 2 0 0 0 0 0 0 0 0 0 0 0 0 0 0 0 0 0 224
166 2 10 26 1 2 6 2 1 3 1 2 1 1 0 0 0 0 0 0 0 0 0 0 0 0 0 0 0 0 0 0 0 0 0 0 0 0 0 0 0 0 0 224
165 27 10 6 2 1 2 1 1 2 1 3 1 2 0 0 0 0 0 0 0 0 0 0 0 0 0 0 0 0 224
165 27 1 1 1 2 10 2 2 6 1 2 3 1 0 0 0 0 0 0 0 0 0 0 0 0 0 0 0 0 0 0 0 224
2 166 26 2 2 10 6 1 1 1 2 1 3 1 0 0 0 0 0 0 0 0 0 0 0 0 0 0 0 0 0 0 0 0 0 0 0 0 0 0 0 0 224
168 2 6 2 10 24 1 1 2 3 1 1 2 1 0 0 0 0 0 0 0 0 0 0 0 0 0 0 0 224
164 10 28 6 2 1 1 2 2 1 3 2 1 1 0 0 0 0 0 0 0 0 0 0 0 0 0 0 0 224
6 164 28 1 10 2 1 2 2 2 1 1 1 3 0 0 0 0 0 0 0 0 0 0 0 0 224
6 164 10 2 28 3 1 2 1 2 1 1 2 1 0 0 0 0 0 0 0 0 0 0 0 0 0 0 0 0 0 0 224
166 10 26 1 6 1 1 2 1 2 2 2 3 1 0 0 0 0 0 0 0 0 0 0 0 0 224
163 29 6 2 1 10 3 1 2 1 1 2 1 2 0 0 0 0 0 0 0 0 0 0 0 0 0 0 0 0 0 0 0 0 224
6 166 26 10 3 2 2 2 1 1 2 1 1 1 0 0 0 0 0 0 0 0 0 0 0 0 0 0 224
165 27 10 3 1 6 2 2 1 2 1 1 1 2 0 0 0 0 0 0 0 0 0 0 0 0 0 0 0 0 0 0 0 0 0 0 0 0 224
165 1 27 10 2 6 2 1 1 2 2 3 1 1 0 0 0 0 0 0 0 0 0 0 224
166 10 6 26 3 2 2 2 1 1 2 1 1 1 0 0 0 0 0 0 0 0 0 0 0 0 224
166 26 6 2 1 10 2 2 3 1 1 1 2 1 0 0 0 0 0 0 0 0 0 0 0 224
169 23 2 10 1 6 2 1 2 3 1 1 2 1 0 0 0 0 0 0 0 0 0 0 224
166 3 2 26 10 2 2 1 1 6 1 2 1 1 0 0 0 0 0 0 0 0 0 0 0 0 0 0 224
164 1 28 1 2 6 2 1 10 2 1 2 3 1 0 0 0 0 0 0 0 0 0 0 0 0 0 0 0 0 0 0 0 0 0 0 0 0 0 0 224
165 27 6 1 10 3 2 1 2 1 2 1 2 1 0 0 0 0 0 0 0 0 0 0 0 0 224
160 32 6 10 1 2 2 3 1 2 2 1 1 1 0 0 0 0 0 0 0 0 0 0 0 0 0 0 0 0 0 0 0 0 224
165 27 2 2 10 3 2 1 2 6 1 1 1 1 0 0 0 0 0 0 0 0 0 0 224
165 27 10 1 2 3 1 6 2 2 1 1 2 1 0 0 0 0 0 0 0 0 0 0 0 0 0 0 224
163 10 29 6 3 1 2 2 1 1 1 2 1 2 0 0 0 0 0 0 0 0 224
163 6 29 1 10 1 1 2 3 1 2 1 2 2 0 0 0 0 0 0 0 0 0 0 0 0 0 0 0 0 0 224
163 29 3 1 6 2 1 10 1 2 2 2 1 1 0 0 0 0 0 0 0 0 0 0 0 0 0 224
165 27 6 10 2 1 3 1 2 1 2 2 1 1 0 0 0 0 0 0 0 0 0 0 0 0 0 224
162 10 30 2 3 1 6 1 1 2 2 1 2 1 0 0 0 0 0 0 0 0 0 0 0 0 0 0 0 0 0 0 0 0 0 0 0 0 0 0 224
164 1 28 10 2 2 1 3 6 1 1 2 1 2 0 0 0 0 0 0 0 0 0 0 0 0 0 0 0 224
165 6 27 2 10 2 3 2 1 1 1 1 2 1 0 0 0 0 0 0 0 0 0 0 0 224
1 163 29 6 1 2 10 3 1 2 2 1 2 1 0 0 0 0 0 0 0 0 0 0 0 0 0 0 0 0 0 0 0 0 0 224
163 10 29 3 1 2 2 2 6 1 1 1 1 2 0 0 0 0 0 0 0 0 0 0 0 0 0 0 0 0 0 0 0 0 0 0 224
156 1 10 6 36 2 1 2 1 1 2 1 3 2 0 0 0 0 0 0 0 0 0 0 0 0 0 0 0 0 0 0 0 0 0 0 0 0 0 0 0 0 0 0 0 224
162 3 30 10 6 2 2 1 1 2 1 2 1 1 0 0 0 0 0 224
2 166 10 26 6 1 1 2 3 2 1 2 1 1 0 0 0 0 0 0 0 0 0 224
165 27 10 2 1 2 6 2 1 1 2 3 1 1 0 0 0 0 0 0 0 0 224
164 2 28 2 3 10 6 1 1 2 1 1 2 1 0 0 0 0 0 0 0 0 0 0 0 0 0 0 0 224
165 27 1 6 1 2 10 2 3 1 1 1 2 2 0 0 0 0 0 0 0 0 0 0 0 0 0 0 0 0 0 0 0 0 0 0 0 0 0 0 224
165 27 10 6 1 2 1 2 1 3 1 2 2 1 0 0 0 0 0 0 0 0 0 0 0 0 224
166 26 10 6 2 3 2 1 1 1 1 2 2 1 0 0 0 0 0 0 0 0 0 0 0 0 0 224
165 27 10 3 6 1 2 2 1 2 1 2 1 1 0 0 0 0 0 0 0 0 0 0 224
165 10 27 6 1 2 2 1 1 2 3 1 1 2 0 0 0 0 0 0 0 0 0 224
165 27 1 1 3 2 6 1 2 2 10 2 1 1 0 0 0 0 0 0 0 0 0 0 0 0 0 0 0 224
161 31 2 10 2 1 1 2 1 2 6 3 1 1 0 0 0 0 0 0 0 0 0 0 0 0 0 0 0 0 0 0 0 0 0 0 0 224
163 2 29 2 10 2 6 1 2 1 1 3 1 1 0 0 0 0 0 0 0 0 0 0 0 0 0 0 0 0 0 0 0 0 0 0 0 224
162 2 30 6 1 10 1 1 2 1 1 2 3 2 0 0 0 0 0 0 0 0 0 0 0 0 0 0 0 0 0 0 0 0 0 0 0 0 0 0 0 0 0 0 0 0 0 0 0 0 0 224
165 27 1 2 10 6 3 2 2 1 2 1 1 1 0 0 0 0 224
165 2 27 3 2 6 10 1 1 2 2 1 1 1 0 0 0 0 0 0 0 0 0 0 0 0 224
165 1 27 6 1 10 3 2 1 1 2 2 1 2 0 0 0 0 0 0 0 0 0 0 0 0 0 0 0 0 0 0 0 0 0 0 0 0 224
167 10 25 1 3 2 2 6 1 2 1 2 1 1 0 0 0 0 0 0 0 0 0 224
163 29 10 3 2 6 1 2 1 1 2 1 2 1 0 0 0 0 0 0 0 0 0 0 0 0 0 0 0 0 0 0 0 0 0 0 224
165 10 27 3 1 1 1 2 1 2 6 2 2 1 0 0 0 0 0 0 0 0 0 0 0 0 0 0 0 0 0 224
164 28 6 2 2 3 1 1 2 10 2 1 1 1 0 0 0 0 0 0 0 0 0 0 0 0 0 0 0 0 0 0 0 0 0 0 0 0 0 0 0 0 224
168 6 24 1 10 1 1 3 2 1 2 2 2 1 0 0 0 0 0 0 0 0 0 0 0 0 0 0 0 0 224
28 164 1 6 10 1 2 2 1 3 2 1 2 1 0 0 0 0 0 0 0 0 0 0 0 0 0 0 0 0 224
6 165 27 10 2 2 2 1 2 3 1 1 1 1 0 0 0 0 0 0 0 0 0 0 0 224
166 26 3 2 10 1 6 2 1 1 1 2 2 1 0 0 0 0 0 0 0 0 0 0 224
165 10 27 6 3 2 1 2 2 1 2 1 1 1 0 0 0 0 0 0 0 0 0 0 0 0 0 0 0 0 0 0 0 224
163 29 1 10 1 1 6 2 2 2 1 4 1 1 0 0 0 0 0 0 0 0 0 0 0 0 0 0 0 0 0 0 0 0 0 0 0 0 0 0 0 0 0 0 0 0 0 0 0 0 0 0 0 0 224
163 29 1 2 10 2 4 1 6 1 2 1 1 1 0 0 0 0 0 0 0 0 0 0 224
166 26 2 6 10 3 2 1 1 1 2 1 2 1 0 0 0 0 0 224
165 27 3 2 10 6 2 1 1 2 1 2 1 1 0 0 0 0 0 0 0 0 0 0 0 0 0 0 0 0 0 0 224
166 26 2 6 2 10 2 2 3 1 1 1 1 1 0 0 0 0 0 0 0 0 0 0 0 0 0 224
166 1 3 6 26 10 2 2 2 1 2 1 1 1 0 0 0 0 0 0 0 0 0 0 0 0 224
165 27 10 2 1 1 1 2 6 3 1 2 1 2 0 0 0 0 0 0 0 0 0 0 0 0 0 0 0 0 0 0 0 0 0 0 0 0 0 0 0 224
163 10 29 3 2 1 2 2 6 1 2 1 1 1 0 0 0 0 0 0 0 0 0 0 0 0 224
166 10 26 2 3 1 2 2 6 1 1 1 2 1 0 0 0 0 0 0 0 0 0 0 0 0 0 0 0 0 0 0 0 0 0 0 0 0 0 224
164 10 1 2 28 2 6 1 2 3 1 1 1 2 0 0 0 0 0 0 0 0 0 0 0 0 0 0 0 0 0 0 0 0 0 0 0 0 0 0 0 0 0 0 0 0 0 0 224
164 3 28 2 6 10 1 2 1 1 2 2 1 1 0 0 0 0 0 0 0 0 0 0 0 0 0 0 0 0 0 224
164 28 2 10 2 2 1 6 1 2 3 1 1 1 0 0 0 0 0 0 0 0 0 0 0 0 0 0 0 0 0 0 0 224
167 25 10 2 1 1 2 2 6 1 1 2 3 1 0 0 0 0 0 0 0 0 0 0 0 0 0 224
165 27 10 6 1 1 2 1 2 1 1 2 3 2 0 0 0 0 0 0 0 0 0 0 0 0 0 0 0 0 0 0 0 0 0 0 224
166 26 10 2 6 2 3 2 1 1 1 2 1 1 0 0 0 0 0 0 0 0 0 0 0 0 0 0 0 0 0 0 0 0 0 0 0 0 0 0 0 0 0 0 224
167 25 10 2 1 1 2 2 6 3 2 1 1 1 0 0 0 0 0 224
161 31 6 1 10 3 1 2 1 2 1 2 2 1 0 0 0 0 0 0 0 0 0 0 0 0 0 0 224
165 10 6 27 2 1 1 3 2 1 1 2 2 1 0 0 0 0 0 0 0 0 0 0 0 0 0 0 0 0 0 0 0 0 0 0 0 0 0 0 0 0 0 224
166 2 26 2 6 1 2 10 1 2 3 1 1 1 0 0 0 0 0 0 0 0 0 0 0 0 0 0 0 0 0 0 0 0 224
166 10 26 3 6 1 1 1 1 1 2 2 2 2 0 0 0 0 0 0 0 0 0 0 0 0 0 0 0 0 0 224
165 10 27 2 2 3 6 2 1 1 2 1 1 1 0 0 0 0 0 0 0 0 0 0 0 0 224
165 27 6 1 10 1 2 3 1 2 2 1 2 1 0 0 0 0 0 0 0 0 0 0 0 0 0 0 0 0 0 0 0 0 0 224
2 164 28 10 2 1 1 2 6 2 3 1 1 1 0 0 0 0 0 0 0 0 0 0 0 0 0 0 0 0 224
160 1 32 10 1 6 2 3 2 1 2 1 1 2 0 0 0 0 0 0 0 0 0 0 0 0 0 0 0 224
3 163 29 6 2 10 2 1 2 2 1 1 1 1 0 0 0 0 0 224
26 166 10 1 3 6 2 1 2 1 2 1 1 2 0 0 0 0 0 0 0 0 224
164 28 1 2 6 10 2 2 1 1 3 2 1 1 0 0 0 0 0 0 0 0 0 0 0 0 0 0 0 0 0 0 0 0 0 0 0 0 0 0 0 0 0 0 0 0 0 224
166 26 1 2 3 2 6 1 1 10 1 1 2 2 0 0 0 0 0 0 0 0 224
162 30 6 3 10 1 1 2 1 2 1 2 1 2 0 0 0 0 0 0 0 0 0 0 0 0 0 0 0 0 0 0 0 0 0 224
165 3 27 10 1 6 1 2 2 2 1 1 1 2 0 0 0 0 0 0 224
165 2 27 2 6 2 10 1 1 1 1 3 1 2 0 0 0 0 0 0 0 0 0 0 0 0 0 224
165 10 2 27 2 3 6 2 2 1 1 1 1 1 0 0 0 0 0 0 0 0 0 0 0 0 0 0 0 0 0 224
165 1 1 2 27 1 10 2 6 2 1 3 2 1 0 0 0 0 0 0 0 0 0 0 0 0 224
165 27 2 10 1 2 2 6 1 2 1 1 3 1 0 0 0 0 0 0 0 0 0 0 0 0 224
167 25 10 1 2 6 1 2 1 3 1 2 1 2 0 0 0 0 0 0 0 0 0 0 0 0 224
164 10 28 2 6 1 1 2 3 2 1 2 1 1 0 0 0 0 0 0 0 0 0 0 0 0 0 224
165 6 27 10 2 1 2 3 2 1 2 1 1 1 0 0 0 0 0 0 0 0 0 0 0 0 0 224
166 2 10 26 6 3 2 1 1 2 1 2 1 1 0 0 0 0 0 0 0 0 0 0 0 0 0 0 0 0 0 0 224
164 28 10 6 3 2 2 2 1 2 1 1 1 1 0 0 0 0 0 0 0 0 0 0 0 0 0 0 0 0 0 0 0 0 0 0 0 0 0 0 0 0 224
165 10 27 2 6 2 1 2 2 1 1 3 1 1 0 0 0 0 0 0 0 0 0 0 0 0 0 0 0 0 0 0 0 224
163 2 29 1 3 6 2 10 1 1 2 1 1 2 0 0 0 0 0 0 0 0 0 0 0 224
163 2 10 29 1 1 1 6 3 1 1 2 2 2 0 0 0 0 0 0 0 0 0 0 0 0 0 0 0 0 0 0 0 0 0 0 0 224
162 30 3 1 10 2 2 1 2 6 2 1 1 1 0 0 0 0 0 0 0 0 0 0 0 224
163 29 6 1 3 10 1 1 2 1 2 2 2 1 0 0 0 0 0 0 0 0 0 0 0 0 0 0 0 0 0 0 0 224
164 28 6 1 1 10 3 1 1 1 2 2 2 2 0 0 0 0 0 0 0 0 0 0 0 0 0 0 0 0 0 0 0 0 224
166 26 10 3 1 2 1 1 2 1 6 2 1 2 0 0 0 0 0 0 0 0 0 0 0 0 0 0 224
167 25 10 1 2 6 2 2 1 3 1 1 1 2 0 0 0 0 0 0 0 0 0 0 0 0 0 0 0 0 0 0 0 0 0 0 0 0 224
162 30 6 2 2 1 10 3 1 2 1 1 1 2 0 0 0 0 0 224
166 10 26 6 1 2 2 2 1 1 1 3 2 1 0 0 0 0 0 0 0 0 0 0 0 0 0 0 0 0 0 0 0 0 0 224
163 10 29 6 2 1 2 1 2 1 3 1 2 1 0 0 0 0 0 0 0 0 0 224
166 26 10 2 6 1 2 3 1 2 1 1 1 2 0 0 0 0 0 0 0 0 0 0 0 224
163 1 29 2 2 3 6 10 2 2 1 1 1 1 0 0 0 0 0 0 0 0 0 0 0 0 0 0 0 0 0 0 0 224
163 29 10 1 6 2 2 3 1 1 1 2 2 1 0 0 0 0 0 0 0 0 0 0 0 0 0 224
164 28 10 1 2 6 2 2 2 1 3 1 1 1 0 0 0 0 0 0 0 0 0 0 0 0 0 0 0 0 0 0 224
164 28 1 10 2 3 1 6 1 2 2 1 1 2 0 0 0 0 0 0 0 0 0 0 0 0 224
164 28 6 3 10 2 1 1 1 1 2 1 2 2 0 0 0 0 224
163 2 29 2 1 1 10 1 1 6 2 1 2 3 0 0 0 0 0 0 0 224
164 10 28 6 2 2 1 1 1 2 3 1 1 2 0 0 0 0 0 0 0 0 224
165 10 27 1 2 6 2 2 1 1 2 1 1 3 0 0 0 0 0 0 0 0 0 0 0 0 0 0 0 0 0 0 0 0 0 0 0 0 0 0 0 0 0 0 0 0 0 0 0 0 0 0 0 0 0 0 0 0 0 0 0 0 224
165 2 27 10 3 2 1 6 1 1 1 2 2 1 0 0 0 0 0 0 0 0 0 0 0 0 0 0 0 0 0 0 224
163 3 29 6 10 2 1 1 1 2 2 1 2 1 0 0 0 0 0 0 0 0 0 0 0 0 0 0 0 0 0 0 0 0 0 224
165 27 1 6 3 10 1 1 2 1 2 2 2 1 0 0 0 0 0 0 0 0 0 0 0 0 0 0 0 224
25 167 2 1 6 1 1 10 2 3 2 2 1 1 0 0 0 0 0 0 0 0 0 0 0 0 0 0 0 224
165 1 2 27 2 3 1 2 10 6 1 1 2 1 0 0 0 0 0 0 0 0 0 0 0 0 0 224
165 1 27 3 10 2 2 1 6 1 1 2 1 2 0 0 0 0 0 0 0 0 0 0 224
164 28 6 10 1 2 2 1 1 1 2 3 2 1 0 0 0 0 0 0 0 0 0 0 0 0 0 0 0 0 0 0 0 0 0 0 224
26 166 3 6 2 1 10 2 1 2 1 1 1 2 0 0 0 0 0 0 0 0 0 0 0 0 0 0 0 0 0 0 0 0 0 0 0 0 0 0 0 0 0 0 0 0 0 0 0 0 0 0 0 0 0 0 0 0 0 0 0 0 0 0 0 0 224
162 2 30 10 1 2 6 2 3 1 1 2 1 1 0 0 0 0 0 0 0 0 0 0 0 0 0 0 224
166 26 2 10 2 1 3 6 2 2 1 1 1 1 0 0 0 0 0 0 0 0 0 0 0 0 0 0 0 0 224
164 28 10 6 2 1 1 1 2 1 1 2 2 3 0 0 0 0 0 224
166 2 26 2 10 6 1 2 1 1 1 2 3 1 0 0 0 0 0 0 0 0 0 0 0 0 0 0 0 224
165 6 27 2 2 10 3 2 1 2 1 1 1 1 0 0 0 0 0 0 0 0 0 0 0 0 0 0 0 0 0 0 0 0 0 0 0 0 0 224
165 27 10 6 2 1 3 2 1 2 1 1 2 1 0 0 0 0 0 0 0 0 0 0 0 0 224
167 1 25 10 6 2 2 2 1 3 2 1 1 1 0 0 0 0 0 0 0 0 0 0 0 0 0 224
164 10 28 1 2 6 2 3 1 2 1 1 2 1 0 0 0 0 0 0 0 0 0 0 0 0 0 224
164 28 6 3 2 10 1 2 1 1 2 2 1 1 0 0 0 0 0 0 0 0 0 0 0 0 0 0 0 0 0 0 0 224
166 26 3 10 6 1 2 2 1 2 1 2 1 1 0 0 0 0 0 0 0 224
166 6 26 1 2 1 1 10 2 2 1 3 2 1 0 0 0 0 0 0 0 0 0 0 0 0 0 0 0 0 224
165 27 1 1 10 1 2 2 6 2 3 1 2 1 0 0 0 0 0 0 0 0 0 0 0 0 0 0 0 0 0 0 0 0 0 0 0 0 0 224
165 27 3 2 1 1 10 6 2 1 1 1 2 2 0 0 0 0 0 0 0 0 0 0 0 0 0 224
2 167 6 10 1 3 25 1 1 2 2 2 1 1 0 0 0 0 0 0 0 0 0 0 0 0 0 0 0 0 0 0 0 0 224
164 28 1 6 10 2 2 1 3 1 2 1 1 2 0 0 0 0 0 0 0 0 0 0 0 0 0 0 0 0 0 0 0 0 0 0 224
162 6 1 10 2 30 1 2 2 3 1 1 1 2 0 0 0 0 0 0 0 0 0 0 0 224
164 28 10 1 2 2 6 1 1 3 1 2 2 1 0 0 0 0 0 0 0 0 0 0 0 0 0 0 0 0 0 224
163 6 10 29 1 1 2 1 2 3 1 1 2 2 0 0 0 0 0 0 0 0 0 0 0 224
162 30 1 3 2 10 2 6 1 1 2 1 1 2 0 0 0 0 0 0 0 0 0 0 0 0 224
165 2 10 6 27 2 1 1 1 3 1 1 2 2 0 0 0 0 0 0 0 0 0 0 0 0 0 0 0 0 0 0 0 0 0 0 0 0 0 0 0 0 0 0 0 0 0 0 0 0 0 224
165 27 6 3 2 10 2 1 1 1 1 2 2 1 0 0 0 0 0 0 0 0 0 0 0 0 0 0 0 0 224
161 31 2 10 2 1 6 2 1 3 1 1 1 2 0 0 0 0 0 0 0 0 0 0 0 0 0 0 0 0 0 0 0 0 0 0 0 0 0 0 0 224
166 1 3 10 6 1 26 2 2 2 1 1 2 1 0 0 0 0 0 0 0 0 0 0 0 0 224
28 164 2 2 2 1 6 3 10 1 2 1 1 1 0 0 0 0 0 0 0 0 0 0 0 0 0 0 0 0 0 224
169 23 6 10 2 1 3 1 1 2 2 2 1 1 0 0 0 0 0 0 0 0 0 0 0 0 0 0 0 0 0 0 0 0 0 0 0 0 0 0 0 0 0 0 0 0 0 0 0 224
167 25 10 6 1 1 3 1 2 2 1 2 2 1 0 0 0 0 0 0 0 0 0 0 0 0 0 0 0 0 0 0 0 224
166 26 10 1 6 2 2 2 1 3 1 1 1 2 0 0 0 0 0 0 0 0 0 0 0 0 0 0 0 0 0 0 0 0 0 0 0 0 224
3 165 27 10 2 6 1 1 2 1 2 1 1 2 0 0 0 0 0 0 0 0 0 0 0 0 0 0 0 0 0 0 224
165 27 10 3 2 6 1 2 2 1 1 1 2 1 0 0 0 0 0 0 0 0 224
163 29 2 10 1 3 2 1 2 1 2 6 1 1 0 0 0 0 0 0 0 0 0 0 0 0 0 224
166 2 26 6 10 1 3 2 1 2 1 1 2 1 0 0 0 0 0 0 0 0 0 0 0 0 0 0 0 0 0 0 0 0 0 0 0 0 0 0 0 0 0 0 0 0 0 0 224
26 166 6 1 1 1 10 2 1 2 3 2 2 1 0 0 0 0 0 0 0 0 0 0 0 0 0 0 0 0 0 0 0 0 0 0 224
167 3 25 6 2 1 10 2 2 1 1 1 1 2 0 0 0 0 0 0 0 0 0 0 0 0 0 0 0 0 0 0 224
165 27 2 1 6 2 10 1 1 3 2 2 1 1 0 0 0 0 0 0 0 0 0 0 0 0 0 0 0 0 0 0 224
164 1 10 28 1 1 1 2 2 6 1 3 2 2 0 0 0 0 0 0 0 0 0 0 0 0 0 0 0 0 0 0 224
165 1 27 2 3 10 6 1 1 1 2 2 2 1 0 0 0 0 0 0 0 0 0 0 0 0 0 0 0 0 0 0 0 0 0 0 0 0 0 0 0 0 0 0 224
163 29 1 2 2 2 10 3 6 2 1 1 1 1 0 224
166 26 3 2 2 6 2 1 1 10 1 2 1 1 0 0 0 0 0 0 0 0 0 0 224
166 26 2 2 3 1 10 2 6 1 1 1 1 2 0 0 0 0 0 0 0 0 0 0 0 0 0 0 224
165 2 27 10 6 1 3 1 2 2 1 2 1 1 0 0 0 0 0 0 0 0 0 0 0 0 0 0 0 0 0 0 0 224
165 27 10 6 2 2 1 2 1 1 3 2 1 1 0 0 0 0 0 0 0 0 0 0 224
163 29 10 2 6 1 1 2 1 1 3 2 2 1 0 0 0 0 0 0 0 0 0 0 0 0 0 0 0 0 224
164 1 1 28 2 1 1 10 3 2 2 2 6 1 0 0 0 0 0 0 0 0 0 0 0 0 0 0 0 224
163 29 2 10 6 2 1 2 1 3 2 1 1 1 0 0 0 0 0 0 0 0 0 0 0 0 0 0 224
164 10 28 2 6 3 1 1 2 1 1 1 2 2 0 0 0 0 0 0 0 0 0 224
165 1 27 10 2 6 1 3 1 2 2 1 2 1 0 0 0 0 0 0 0 0 0 0 0 0 0 0 0 0 0 0 0 0 0 0 0 0 0 224
161 1 31 10 2 6 2 1 1 1 2 2 3 1 0 0 0 0 0 0 0 0 0 0 0 0 0 0 224
165 1 1 10 27 2 2 6 2 3 1 1 2 1 0 0 0 0 0 0 0 0 0 0 224
164 2 28 1 2 10 1 6 3 2 2 1 1 1 0 0 0 0 0 0 0 0 0 0 0 0 0 0 0 0 0 0 0 0 0 0 0 0 224
166 26 10 1 1 6 2 3 2 2 1 1 2 1 0 0 0 0 0 0 0 0 0 0 0 0 0 0 0 0 0 0 0 0 0 0 0 0 0 0 0 224
165 1 10 27 3 2 1 1 1 1 2 6 2 2 0 0 0 0 0 0 0 0 0 0 0 0 0 0 0 0 0 0 0 0 0 0 0 0 0 0 0 0 0 0 0 0 0 0 0 0 0 224
163 29 10 1 6 1 2 1 2 2 3 2 1 1 0 0 0 0 0 0 0 0 0 0 0 0 0 0 224
162 30 10 2 3 2 6 1 1 1 2 1 2 1 0 0 0 0 0 0 0 0 0 0 0 0 0 0 224
2 161 10 31 2 2 1 1 1 6 2 1 3 1 0 0 0 0 0 0 0 0 0 0 0 0 0 0 0 0 0 224
167 25 10 2 1 1 6 3 2 2 1 2 1 1 0 0 0 0 0 0 0 0 0 0 0 0 0 0 0 0 0 0 0 224
162 30 1 10 6 3 1 2 2 1 2 2 1 1 0 0 0 0 0 0 0 0 0 0 0 0 0 0 0 0 0 0 0 0 0 224
164 28 10 2 2 3 1 1 6 2 1 1 1 2 0 0 0 0 0 0 0 0 0 0 0 0 0 0 224
166 26 6 10 1 2 2 3 1 1 2 1 2 1 0 0 0 0 0 0 0 0 0 0 0 0 0 0 0 0 0 0 224
166 6 26 10 1 2 1 2 3 1 2 1 2 1 0 0 0 0 0 0 0 0 0 0 0 0 224
163 29 6 1 10 2 1 1 3 2 1 2 1 2 0 0 0 0 0 0 0 224
164 28 1 10 6 2 2 2 1 3 1 1 1 2 0 0 0 0 0 0 0 0 0 0 0 0 0 0 0 0 0 0 224
164 2 28 3 1 10 2 6 1 2 1 1 2 1 0 0 0 0 0 0 0 0 0 0 0 0 0 0 0 0 0 0 0 0 224
165 1 6 27 10 1 2 2 2 1 2 1 3 1 0 0 0 0 0 0 0 0 0 0 0 0 0 0 0 0 0 0 0 224
166 2 26 3 2 10 1 2 1 1 6 2 1 1 0 0 0 0 0 0 0 0 0 0 0 0 0 0 224
162 10 1 1 30 1 2 1 6 2 3 2 2 1 0 0 0 0 0 0 0 0 0 0 0 0 0 0 0 0 0 0 224
165 27 10 2 6 1 2 1 3 1 1 2 1 2 0 0 0 0 0 0 0 0 0 0 0 0 0 0 0 0 0 0 0 0 0 224
158 34 10 3 6 1 1 1 2 2 2 2 1 1 0 0 0 0 0 0 0 0 0 0 0 0 0 0 0 0 224
162 30 2 6 1 10 2 2 3 1 2 1 1 1 0 0 0 0 0 0 0 0 0 0 0 0 0 0 0 0 0 0 0 0 0 0 0 0 0 0 224
165 10 27 3 6 2 1 1 2 2 2 1 1 1 0 0 0 0 0 0 0 0 0 0 0 0 0 0 0 0 0 0 0 0 0 0 0 0 224
26 2 166 1 1 10 3 1 6 2 2 1 1 2 0 0 0 0 0 0 0 0 0 0 0 0 0 0 0 0 0 0 0 0 0 0 0 0 0 0 0 0 0 0 0 0 0 0 0 0 224
163 29 10 2 2 6 2 2 3 1 1 1 1 1 0 0 0 0 0 0 0 0 0 0 0 0 0 0 0 0 0 0 0 0 0 0 0 224
166 2 26 6 2 2 10 1 1 2 1 1 3 1 0 0 0 0 0 0 0 0 0 0 0 0 0 0 0 0 0 0 0 0 0 0 0 0 0 224
163 1 6 29 1 10 1 3 2 1 1 2 2 2 0 0 0 0 0 0 0 0 0 0 0 0 0 224
167 25 10 6 2 3 2 2 1 1 2 1 1 1 0 0 0 0 0 0 0 0 0 0 0 0 0 0 0 0 0 0 0 224
164 3 28 10 1 6 1 2 2 1 2 1 1 2 0 0 0 0 0 0 0 0 0 0 0 0 0 0 0 0 0 0 0 0 0 0 0 0 0 224
163 29 10 3 1 2 2 6 1 1 2 2 1 1 0 0 0 0 0 0 0 0 0 0 0 0 0 0 0 0 0 0 0 0 0 0 0 0 0 0 224
166 26 10 2 2 1 3 6 2 1 2 1 1 1 0 0 0 0 0 0 0 0 224
165 27 10 1 1 1 3 2 6 2 2 1 1 2 0 0 0 0 0 0 0 0 0 0 0 224
165 10 2 27 6 1 2 3 2 1 2 1 1 1 0 0 0 0 0 0 0 0 0 0 0 0 0 0 0 0 224
165 27 2 1 1 2 3 1 6 10 1 2 1 2 0 0 0 0 0 0 0 0 224
164 28 10 1 1 2 2 3 1 6 2 1 1 2 0 0 0 0 0 0 0 0 0 0 0 0 0 0 0 0 224
30 162 10 1 6 1 2 1 2 1 3 2 2 1 0 0 0 0 0 0 0 0 0 0 0 0 0 0 0 224
164 28 2 1 2 6 1 3 10 1 2 1 2 1 0 0 0 0 0 0 0 0 0 0 0 0 224
164 28 10 2 6 2 1 2 1 2 3 1 1 1 0 0 0 0 0 0 0 0 0 0 0 0 0 0 0 224
164 28 3 10 6 2 1 1 2 1 2 2 1 1 0 0 0 0 0 0 0 0 0 0 0 0 0 0 0 0 0 0 0 0 0 0 0 0 0 0 224
166 26 10 2 1 2 6 2 3 1 1 1 2 1 0 0 0 224
164 28 6 10 2 1 2 1 2 3 1 2 1 1 0 0 0 0 0 0 0 0 0 0 0 0 0 0 0 0 0 0 0 0 0 0 0 0 224
165 27 1 2 6 3 1 2 10 1 2 2 1 1 0 0 0 0 0 0 0 0 0 0 0 0 0 0 0 0 0 0 0 0 0 0 0 224
165 27 10 3 2 6 1 1 2 1 2 1 1 2 0 0 0 0 0 0 0 0 224
166 26 6 10 2 1 2 2 2 3 1 1 1 1 0 0 0 0 0 0 0 0 0 0 0 0 0 0 0 0 0 0 0 0 0 0 224
164 28 3 10 2 1 1 1 2 2 6 2 1 1 0 0 0 0 0 0 0 0 0 0 0 0 0 0 0 0 224
166 26 1 2 3 2 10 2 1 2 1 6 1 1 0 0 0 0 0 0 0 0 0 0 0 0 0 0 0 0 0 0 0 0 224
166 10 2 26 6 1 2 2 2 1 1 1 1 3 0 0 0 0 0 0 0 0 0 0 0 0 0 0 0 0 0 0 0 0 224
168 6 10 2 24 2 1 1 2 1 3 2 1 1 0 0 0 0 0 0 0 0 0 0 0 0 0 0 0 224
162 2 3 10 30 1 1 2 2 1 1 1 2 6 0 0 0 0 0 0 0 0 0 0 0 0 0 0 0 0 224
26 166 1 10 2 1 2 2 2 1 3 6 1 1 0 0 0 0 0 0 0 0 0 0 0 0 0 0 0 0 0 0 0 0 0 0 0 0 0 224
165 10 27 3 1 2 1 2 6 2 1 1 1 2 0 0 0 0 0 0 0 0 0 0 0 0 0 0 0 0 0 0 0 0 0 0 0 0 224
3 164 28 10 2 6 1 1 2 1 1 1 2 2 0 0 0 0 224
165 27 10 3 2 6 2 1 1 1 2 1 1 2 0 0 0 0 0 0 0 0 0 224
6 166 26 10 2 2 3 2 1 1 1 1 2 1 0 0 0 0 0 0 0 0 0 0 0 224
164 28 10 1 6 2 3 1 2 1 2 2 1 1 0 0 0 0 0 0 0 0 0 224
164 6 28 1 2 2 10 1 1 2 2 1 3 1 0 0 0 0 0 0 0 0 0 0 0 0 0 0 0 0 0 0 0 0 0 0 224
169 23 2 2 6 10 1 2 3 1 2 1 1 1 0 0 0 0 0 0 0 0 0 0 0 224
163 10 2 29 3 6 1 1 2 2 1 1 2 1 0 0 0 0 0 0 0 0 224
27 165 2 10 3 6 1 1 2 1 1 1 2 2 0 0 0 0 0 0 0 0 0 0 0 0 0 0 0 0 0 0 0 0 0 0 0 0 0 224
163 6 29 10 1 3 1 2 1 2 2 1 1 2 0 0 0 0 0 0 0 0 0 0 0 224
165 27 10 1 2 6 2 2 1 1 2 1 3 1 0 0 0 0 0 0 0 0 0 0 0 0 0 0 0 0 0 224
165 27 6 1 1 2 10 1 2 1 3 2 1 2 0 0 0 0 0 0 0 0 0 0 0 0 0 0 0 0 0 0 0 0 0 0 0 0 0 0 0 224
29 163 2 1 6 10 3 2 2 1 1 1 2 1 0 0 0 0 0 0 0 0 0 0 0 0 0 0 224
161 31 10 2 1 1 6 3 1 1 2 2 2 1 0 0 0 0 0 0 0 0 0 0 0 0 0 0 0 0 0 224
164 28 1 1 10 2 1 3 1 2 6 2 2 1 0 0 0 0 0 0 0 0 0 0 0 0 0 0 0 0 0 0 0 0 0 224
30 162 6 3 10 1 2 1 1 1 2 1 2 2 0 0 0 0 0 0 0 0 0 0 0 0 0 0 0 0 0 0 0 0 224
165 27 1 3 1 2 2 6 10 1 1 2 1 2 0 0 0 0 0 0 0 0 0 0 0 0 224
165 2 27 10 6 2 3 2 1 1 1 2 1 1 0 0 0 0 0 0 0 0 0 0 0 0 0 0 0 0 0 0 224
167 25 1 10 6 1 2 1 1 2 2 2 1 3 0 0 0 0 0 0 0 0 0 0 0 0 0 0 0 0 0 0 0 0 0 0 0 224
164 28 2 10 3 6 2 2 1 1 2 1 1 1 0 0 0 0 0 0 0 0 0 0 0 0 0 0 0 0 224
164 6 28 1 1 1 1 2 3 10 2 2 2 1 0 0 0 0 0 0 0 0 0 0 0 0 0 0 0 0 0 0 0 0 0 0 224
163 29 6 10 2 2 2 2 1 1 1 1 3 1 0 0 0 0 0 0 0 0 0 224
165 27 2 10 2 6 1 2 1 3 1 1 2 1 0 0 0 0 0 0 0 224
160 2 32 1 1 10 1 2 1 6 2 3 2 1 0 0 0 0 0 0 0 0 0 0 224
163 6 29 1 10 2 2 1 1 1 3 2 1 2 0 0 0 0 0 0 0 0 0 0 0 0 0 0 0 0 0 224
166 6 10 26 2 2 2 1 1 1 1 1 3 2 0 0 0 0 0 0 0 0 0 224
167 25 1 10 2 1 6 3 2 1 2 1 1 2 0 0 0 0 0 0 0 0 0 0 0 0 0 0 0 224
173 19 1 1 10 6 3 1 2 2 2 2 1 1 0 0 0 0 0 0 0 0 0 0 0 0 0 0 0 0 0 0 0 0 0 0 0 0 0 0 0 0 0 224
164 28 3 10 2 2 1 1 2 6 2 1 1 1 0 0 0 0 0 0 0 0 0 0 224
168 6 2 10 1 24 2 1 2 2 3 1 1 1 0 0 0 0 0 0 0 0 0 0 0 0 0 0 0 0 0 0 0 0 0 224
162 30 6 2 2 1 3 10 1 1 2 1 1 2 0 0 0 0 0 0 0 0 0 0 0 0 0 0 224
163 29 6 2 10 2 2 3 1 1 1 1 1 2 0 0 0 0 0 0 224
164 10 28 3 1 6 2 1 2 1 2 1 2 1 0 0 0 0 0 0 0 224
165 10 27 2 2 3 1 2 1 6 1 2 1 1 0 0 0 0 0 0 0 0 0 0 0 0 0 0 0 0 0 0 0 0 0 0 0 224
163 29 1 10 2 1 6 1 2 1 1 3 2 2 0 0 0 0 0 0 0 0 0 0 0 0 0 0 0 0 0 224
162 6 30 10 2 1 3 1 2 2 1 2 1 1 0 0 0 0 0 0 0 0 0 0 0 224
165 27 3 10 6 2 1 1 2 1 1 2 2 1 0 0 0 0 0 0 0 0 0 0 0 0 0 0 0 0 0 0 0 0 0 0 0 0 0 0 0 0 0 0 0 0 224
165 27 1 3 6 2 10 2 1 2 2 1 1 1 0 0 0 0 0 0 0 0 0 0 0 0 0 0 0 0 0 0 0 0 0 0 224
164 28 1 10 1 6 3 2 2 2 1 2 1 1 0 0 0 0 0 0 0 0 0 0 0 0 0 0 0 0 224
167 1 25 2 2 10 3 1 6 1 2 2 1 1 0 0 0 0 0 0 0 0 0 0 0 0 224
3 164 28 2 10 6 1 1 2 2 1 1 1 2 0 0 0 0 0 0 0 0 0 224
164 6 28 10 2 2 1 1 1 1 2 1 3 2 0 0 0 0 0 0 0 0 0 0 0 0 0 0 0 0 0 224
165 27 10 6 1 1 2 2 3 1 2 1 2 1 0 0 0 0 0 0 0 0 224
165 2 10 27 2 1 3 2 1 2 6 1 1 1 0 0 0 0 0 0 0 0 0 0 0 0 0 224
164 28 10 1 2 3 1 1 2 2 2 6 1 1 0 0 0 0 0 0 0 0 0 0 0 0 224
164 28 2 10 6 3 1 2 2 1 2 1 1 1 0 0 0 0 0 0 0 224
166 26 1 2 10 1 6 1 2 1 3 2 2 1 0 0 0 0 0 0 0 0 0 0 0 0 224
163 29 10 1 3 2 2 6 1 1 2 1 1 2 0 0 0 0 0 0 0 0 0 0 0 0 0 0 0 0 0 0 0 0 0 0 0 224
167 25 2 1 2 3 1 10 2 2 6 1 1 1 0 0 0 0 0 0 0 224
164 28 2 6 3 1 10 1 2 2 1 1 2 1 0 0 0 0 0 0 0 0 0 0 0 0 0 0 0 0 0 224
166 26 1 2 2 10 6 2 3 1 1 1 1 2 0 0 0 0 0 0 0 224
162 30 2 10 6 1 3 2 2 1 1 1 2 1 0 0 0 0 0 0 0 0 0 0 0 0 0 224
165 3 27 10 2 6 1 1 1 2 2 1 1 2 0 0 0 0 0 0 0 0 0 0 0 0 0 0 224
2 164 28 3 2 10 6 1 2 1 1 1 1 2 0 0 0 0 0 0 0 0 224
166 2 26 1 2 1 10 3 1 2 6 2 1 1 0 0 0 0 0 0 0 0 0 0 0 0 0 0 0 0 0 0 0 0 0 0 0 0 0 0 0 0 0 0 0 224
164 10 28 3 2 6 2 2 1 1 1 2 1 1 0 0 0 0 0 0 0 0 0 0 0 0 0 0 0 0 0 0 0 0 0 224
167 1 25 10 2 6 1 2 2 2 1 1 1 3 0 0 0 0 0 0 0 0 0 0 0 0 0 224
165 27 1 10 2 2 1 3 6 2 1 1 2 1 0 0 0 0 0 0 0 0 0 0 0 0 0 0 0 224
164 2 2 28 3 2 6 1 1 2 10 1 1 1 0 0 0 0 0 0 0 0 0 0 0 0 0 224
165 27 6 2 10 2 3 2 1 1 1 1 1 2 0 0 0 0 0 0 0 0 0 0 0 0 224
165 27 1 3 1 6 1 2 2 10 1 1 2 2 0 0 0 0 0 0 0 0 0 0 224
163 29 1 1 2 10 1 2 1 2 2 6 3 1 0 0 0 0 0 0 0 0 0 0 0 0 0 0 0 0 224
166 6 26 10 2 3 2 1 2 2 1 1 1 1 0 0 0 0 0 0 0 0 0 0 0 0 0 0 0 0 0 0 0 0 0 0 0 0 224
27 165 1 1 1 3 10 6 2 2 2 2 1 1 0 0 0 0 0 0 0 0 0 0 0 0 0 0 0 0 0 0 0 0 0 0 0 0 0 0 0 0 0 0 0 0 224
166 26 10 2 2 2 1 2 3 1 1 6 1 1 0 0 0 0 0 0 0 0 0 0 0 0 0 0 0 0 0 0 0 0 0 224
164 10 28 3 2 1 6 1 2 2 2 1 1 1 0 0 0 0 0 0 224
163 6 29 1 2 1 2 3 2 1 10 1 2 1 0 0 0 0 0 0 0 0 224
166 26 10 6 3 2 2 1 1 1 2 1 1 2 0 0 0 0 0 0 0 0 0 0 0 0 0 0 0 0 0 0 0 0 0 0 0 0 0 0 0 0 0 0 0 0 0 0 0 224
164 28 10 1 2 3 1 2 6 1 2 1 2 1 0 0 0 0 0 0 0 0 0 0 0 0 0 0 0 0 0 0 0 0 0 0 0 0 0 0 0 0 0 224
165 10 1 27 1 6 1 2 2 2 3 2 1 1 0 0 0 0 0 0 0 0 0 0 0 0 0 0 0 0 224
166 2 2 1 26 10 1 2 6 2 1 3 1 1 0 0 0 0 0 0 0 0 0 0 0 0 0 224
161 31 10 1 1 1 1 2 3 6 2 2 1 2 0 0 0 0 0 0 0 0 0 0 0 0 0 0 0 0 0 0 0 224
168 1 24 2 6 10 1 2 1 3 1 1 2 2 0 0 0 0 0 0 0 0 0 0 0 0 0 0 0 0 0 0 0 0 224
163 29 2 1 6 3 10 1 2 2 1 1 2 1 0 0 0 0 0 0 0 0 0 0 0 0 0 0 0 0 0 224
168 1 24 1 10 2 3 2 2 1 2 6 1 1 0 0 0 0 0 0 0 0 0 0 0 0 0 0 0 0 0 0 0 0 0 0 0 0 0 0 0 0 0 224
165 27 10 2 3 1 1 6 2 2 1 1 2 1 0 0 0 0 0 0 0 0 0 0 0 0 0 0 0 0 0 0 0 0 0 0 0 0 0 0 0 224
165 27 10 1 1 3 2 6 1 2 2 1 2 1 0 0 0 0 0 0 0 0 0 0 0 0 0 0 0 0 0 0 224
165 27 1 6 2 10 1 1 3 2 1 2 1 2 0 0 0 0 0 0 0 0 0 0 0 0 0 0 0 224
165 10 3 27 1 1 6 2 2 1 2 2 1 1 0 0 0 0 0 224
166 26 10 2 1 6 2 2 3 1 2 1 1 1 0 0 0 0 0 0 0 0 0 0 0 0 0 0 0 224
2 167 25 1 6 2 1 2 10 2 3 1 1 1 0 0 0 0 0 0 0 0 0 0 0 0 0 0 0 0 0 0 0 0 0 0 0 0 0 0 0 0 0 224
168 24 6 2 2 2 10 1 2 3 1 1 1 1 0 0 0 0 0 0 0 0 0 0 0 0 0 0 0 0 0 0 0 0 0 0 0 0 0 224
165 1 1 10 27 3 2 1 1 2 1 6 2 2 0 0 0 0 0 0 0 0 0 0 0 0 0 0 224
166 26 10 6 3 2 1 1 2 1 2 1 2 1 0 0 0 0 0 0 0 0 0 0 0 0 0 0 0 0 0 224
167 25 6 10 2 1 2 2 3 2 1 1 1 1 0 0 0 0 0 0 0 0 0 0 0 0 0 0 224
2 165 27 6 2 10 2 1 3 1 1 1 2 1 0 0 0 0 0 0 0 0 0 0 0 0 0 0 0 0 0 0 0 224
164 10 28 1 1 6 2 3 1 2 1 2 2 1 0 0 0 0 0 0 0 0 0 0 0 0 0 0 0 0 0 0 0 0 0 0 224
164 10 28 6 2 2 1 2 1 3 1 2 1 1 0 0 0 0 0 0 0 0 0 0 0 0 0 0 0 0 224
166 26 10 1 2 3 1 2 2 6 1 1 2 1 0 0 0 0 224
164 28 2 10 3 1 1 2 2 1 1 6 1 2 0 0 0 0 0 0 0 0 0 0 0 0 0 0 0 0 0 0 224
165 27 10 3 6 2 2 1 2 1 2 1 1 1 0 0 0 0 0 0 0 0 0 0 224
164 2 10 28 2 2 2 6 1 1 3 1 1 1 0 0 0 0 0 0 0 0 0 0 0 0 0 224
165 27 6 3 2 1 2 10 2 1 2 1 1 1 0 0 0 0 0 0 0 0 0 0 0 0 0 0 224
166 26 10 6 2 3 2 1 2 1 1 2 1 1 0 0 0 0 0 0 0 0 0 0 0 0 0 0 0 0 0 0 0 0 0 0 0 0 0 0 0 0 0 0 224
165 27 6 10 2 1 1 1 2 2 2 1 1 3 0 0 0 0 0 0 0 0 0 0 224
166 26 1 1 2 6 10 2 2 2 3 1 1 1 0 0 0 0 0 0 0 0 0 0 0 0 0 0 0 0 0 0 0 0 0 0 224
162 30 1 6 10 1 2 2 2 3 1 1 2 1 0 0 0 0 0 0 0 0 0 224
163 2 29 3 1 6 1 1 10 2 2 2 1 1 0 0 0 0 0 0 0 0 0 224
165 27 1 10 6 2 2 2 3 1 2 1 1 1 0 0 0 0 0 0 0 0 0 0 0 0 0 0 0 0 0 0 0 0 0 0 0 224
164 28 2 10 6 1 1 1 2 1 2 3 2 1 0 0 0 0 0 0 0 224
167 25 10 1 2 1 6 3 2 1 1 2 1 2 0 0 0 0 0 0 0 0 0 0 0 0 0 0 0 0 0 0 0 0 0 0 0 0 0 0 0 0 0 0 0 0 0 0 224
163 29 1 10 1 2 1 2 3 2 6 1 1 2 0 0 0 0 0 0 0 0 0 0 0 0 0 0 0 224
165 27 10 3 2 2 1 1 6 2 1 2 1 1 0 0 0 0 0 0 0 0 0 0 0 0 0 0 0 0 0 0 0 0 0 0 224
164 28 1 1 6 10 2 2 2 1 2 3 1 1 0 0 0 0 0 0 0 0 0 0 0 0 0 0 0 0 0 224
168 24 10 3 1 2 6 2 1 1 2 1 2 1 0 0 0 0 0 0 0 0 0 0 0 0 0 0 0 0 0 0 0 0 0 0 224
164 28 10 6 2 1 1 2 3 1 2 1 2 1 0 0 0 0 0 224
163 2 29 10 6 2 1 1 1 2 1 5 1 0 0 0 0 0 0 0 0 0 0 0 0 0 0 0 0 0 0 0 0 224
165 5 27 10 1 6 2 2 1 1 1 2 1 0 0 0 0 0 0 0 0 0 0 0 0 0 0 0 0 0 0 0 0 0 0 0 224
164 2 28 10 1 6 5 1 1 2 1 1 2 0 0 0 0 0 0 0 0 0 0 0 0 0 0 0 224
164 10 28 6 5 1 1 2 1 1 2 2 1 0 0 0 0 0 0 0 0 0 0 0 0 224
166 6 26 5 10 2 1 1 1 1 2 1 2 0 0 0 0 0 0 0 0 0 0 0 0 224
164 28 1 10 1 1 5 2 2 6 2 1 1 0 0 0 0 0 0 0 0 0 0 0 0 0 0 0 0 0 0 0 0 0 0 0 0 0 0 0 0 0 224
165 2 5 27 1 1 6 2 10 1 1 1 2 0 0 0 0 0 0 0 0 0 0 224
163 10 29 1 2 1 6 1 5 2 2 1 1 0 0 0 0 0 0 0 0 0 0 0 0 0 0 0 224
164 28 1 5 2 2 10 6 1 1 2 1 1 0 0 0 0 224
166 26 2 10 5 6 1 1 2 1 1 2 1 0 0 0 0 0 0 0 0 0 0 0 0 0 0 0 0 0 0 0 0 0 0 0 0 224
151 41 10 1 6 2 1 1 2 1 1 5 2 0 0 0 0 0 0 0 0 0 0 0 0 0 0 0 0 0 224
158 10 34 6 5 2 1 1 1 2 1 2 1 0 0 0 0 0 0 0 0 0 0 0 0 0 0 0 0 0 0 0 0 0 0 0 0 0 0 224
159 33 10 6 1 5 1 1 2 2 2 1 1 0 0 0 0 0 0 0 0 0 224
156 6 2 1 36 10 1 2 5 1 2 1 1 0 0 0 0 0 0 0 0 0 0 0 0 0 0 224
156 36 2 2 1 10 6 5 2 1 1 1 1 0 0 0 0 0 0 0 0 0 224
161 31 6 2 5 1 1 1 2 1 10 1 2 0 0 0 0 0 0 0 0 0 0 0 0 0 0 0 0 0 224
157 1 35 6 10 1 2 2 2 1 1 5 1 0 0 0 0 0 0 0 0 0 0 0 0 224
165 1 10 27 6 2 5 2 1 1 2 1 1 0 0 0 0 0 0 0 0 0 0 0 0 0 0 0 0 224
161 31 6 2 10 1 2 1 1 5 2 1 1 0 0 0 0 0 0 0 0 0 0 0 0 224
162 30 10 1 2 2 1 6 1 1 2 1 5 0 0 0 0 0 0 0 0 0 0 0 0 0 0 0 0 0 0 0 0 0 0 0 0 224
166 1 26 10 2 6 5 1 1 2 1 2 1 0 0 0 0 0 0 0 0 0 0 0 0 0 0 0 0 0 0 0 0 0 0 0 0 0 0 224
166 26 6 2 5 1 1 1 10 2 2 1 1 0 0 0 0 0 0 0 0 0 0 0 0 0 0 0 0 224
166 10 26 2 6 2 2 1 5 1 1 1 1 0 0 0 0 0 0 0 0 0 0 0 0 0 0 224
168 24 10 1 2 2 1 6 5 1 2 1 1 0 0 0 0 0 0 0 0 0 224
164 6 5 28 1 1 10 2 1 1 2 1 2 0 0 0 0 0 0 0 0 0 0 0 0 0 0 0 0 0 0 0 0 0 0 224
5 166 10 6 26 2 2 2 1 1 1 1 1 0 0 0 0 0 0 0 0 0 0 224
163 29 2 10 2 1 5 6 1 1 1 1 2 0 0 0 0 0 0 0 0 0 0 224
163 29 10 1 6 2 1 1 1 5 2 2 1 0 0 0 0 0 0 0 0 0 0 0 0 0 224
167 2 25 10 2 6 1 2 1 5 1 1 1 0 0 0 0 0 0 0 0 0 0 0 0 0 0 0 0 0 0 0 0 0 0 0 0 0 0 0 0 0 0 0 0 0 0 0 0 0 0 224
164 10 28 2 6 1 5 1 2 1 2 1 1 0 0 0 0 0 0 0 0 0 0 0 0 0 0 0 0 0 0 224
164 5 28 10 6 2 2 1 1 1 2 1 1 0 0 0 0 0 0 0 0 0 0 0 0 0 0 0 0 0 0 224
161 1 31 1 5 10 1 2 2 6 1 2 1 0 0 0 0 0 0 0 0 0 0 0 224
164 28 1 2 10 1 6 1 1 5 1 2 2 0 0 0 0 0 0 0 0 0 224
166 10 26 1 6 5 2 2 1 1 2 1 1 0 0 0 0 0 0 0 0 0 0 224
165 6 27 5 2 10 1 1 2 2 1 1 1 0 0 0 0 0 0 0 0 0 0 0 0 0 0 0 0 0 0 0 0 0 0 0 0 0 224
168 6 5 1 24 10 2 1 1 1 1 2 2 0 0 0 0 0 0 0 0 0 0 0 0 0 0 0 0 0 0 0 0 0 224
165 10 6 2 27 1 1 5 2 2 1 1 1 0 0 0 0 0 0 0 0 0 0 0 0 0 0 0 0 0 0 0 0 224
166 1 6 26 1 5 1 10 1 2 2 1 2 0 0 0 0 0 0 0 0 0 0 0 0 0 0 0 0 0 0 0 0 0 0 0 0 0 0 0 0 224
167 25 5 10 6 1 1 2 1 2 2 1 1 0 0 0 0 0 0 0 0 0 0 0 0 0 0 0 0 0 0 0 0 0 0 0 0 0 0 0 0 224
166 6 26 1 2 10 1 2 1 1 5 2 1 0 0 0 0 0 0 0 0 0 0 0 0 0 0 0 0 224
165 5 27 6 10 1 1 1 2 2 1 2 1 0 0 0 0 0 0 0 0 0 0 0 0 0 224
165 27 10 5 1 6 1 1 1 2 2 2 1 0 0 0 0 0 0 0 0 0 0 0 0 0 0 0 0 0 0 0 0 0 224
166 1 26 5 6 2 10 2 2 1 1 1 1 0 0 0 0 0 0 0 0 0 0 0 0 0 0 0 0 0 0 224
164 5 28 6 10 2 2 1 2 1 1 1 1 0 0 0 0 0 0 0 0 0 0 0 0 0 0 0 0 0 0 0 0 0 0 0 0 0 0 224
165 10 27 2 2 6 1 1 1 2 1 5 1 0 0 0 0 0 0 0 0 0 0 0 0 0 0 0 0 0 0 0 0 224
166 10 26 5 1 1 1 6 2 1 2 1 2 0 0 0 0 0 0 0 0 0 0 0 0 0 0 0 0 0 0 0 0 0 0 0 0 0 0 224
164 28 6 1 5 10 1 2 2 2 1 1 1 0 0 224
164 28 2 1 6 10 2 2 5 1 1 1 1 0 0 0 0 0 0 0 0 0 0 0 0 0 0 0 224
163 2 10 5 2 29 6 1 2 1 1 1 1 0 0 0 0 0 0 0 0 0 0 0 0 0 0 0 0 0 0 0 0 0 0 0 224
167 25 10 5 2 6 1 1 1 1 1 2 2 0 0 0 0 0 0 0 0 0 0 0 0 0 0 0 224
164 5 28 10 2 6 2 1 2 1 1 1 1 0 0 0 0 0 0 0 0 224
164 10 28 6 1 5 1 2 1 2 1 2 1 0 0 0 0 0 0 0 0 0 0 0 0 0 0 0 0 0 0 0 224
165 1 27 2 1 10 2 6 1 5 2 1 1 0 0 0 0 0 0 0 0 0 0 0 0 0 0 0 0 0 0 0 0 0 0 0 0 0 0 224
163 2 29 5 10 1 1 2 6 1 2 1 1 0 0 0 0 0 0 0 0 0 0 0 0 0 0 0 0 0 0 0 0 0 224
161 31 10 5 2 1 1 6 1 1 2 2 1 0 0 0 0 0 0 0 0 0 0 0 0 0 0 0 0 0 0 0 0 224
168 10 24 5 2 2 1 1 6 1 1 2 1 0 0 0 0 0 0 0 0 0 0 0 0 0 0 0 0 0 224
162 30 10 6 5 1 1 1 1 2 2 1 2 0 0 0 0 0 0 0 0 0 0 0 0 0 0 224
166 26 5 2 10 2 1 1 2 1 6 1 1 0 0 0 0 0 0 0 0 0 0 224
164 5 6 28 10 2 1 2 1 1 2 1 1 0 0 0 0 0 0 0 0 0 0 0 0 0 0 0 0 224
165 27 6 10 5 1 2 1 2 1 2 1 1 0 0 0 0 0 0 0 0 0 0 0 0 224
164 1 6 10 28 2 2 5 1 2 1 1 1 0 0 0 0 0 0 0 0 224
165 1 27 6 2 10 1 5 2 1 2 1 1 0 0 0 0 0 0 0 0 0 0 0 0 0 0 0 0 0 0 224
167 25 10 1 2 2 1 6 1 5 2 1 1 0 0 0 0 0 0 0 0 0 0 0 0 0 0 0 0 224
169 10 23 1 2 6 2 5 2 1 1 1 1 0 0 0 0 0 0 0 0 0 0 0 0 0 0 0 0 0 0 0 0 0 0 0 0 0 0 224
165 27 1 10 6 5 1 2 1 2 1 2 1 0 0 0 0 0 0 0 0 0 0 0 0 0 0 0 0 0 0 0 0 0 0 0 0 224
164 28 10 1 2 2 5 2 1 6 1 1 1 0 0 0 0 0 0 0 0 0 0 0 0 0 0 0 0 0 224
162 30 1 10 1 1 6 5 1 2 2 2 1 0 0 0 0 0 0 0 0 0 0 0 0 224
164 1 28 10 6 5 1 2 1 1 2 1 2 0 0 0 0 0 0 0 0 0 0 0 0 0 0 0 0 0 0 0 0 0 0 0 224
163 10 29 5 6 1 2 2 1 1 2 1 1 0 0 0 0 0 0 0 0 0 0 0 0 0 0 0 0 0 0 0 224
165 6 27 5 2 10 1 2 1 1 2 1 1 0 0 0 0 0 0 0 0 0 0 0 0 224
163 10 2 5 29 1 6 1 2 2 1 1 1 0 0 0 0 0 0 0 0 0 0 0 0 0 224
170 1 10 2 6 22 2 1 5 1 1 2 1 0 0 0 0 0 0 0 0 0 0 0 0 0 0 0 0 0 0 0 0 0 0 0 224
164 2 28 10 5 1 6 1 2 2 1 1 1 0 0 0 0 0 0 0 0 0 0 0 0 0 0 0 0 0 0 0 0 224
164 28 6 5 1 2 10 1 2 1 2 1 1 0 0 0 0 0 0 0 0 0 0 0 0 0 0 0 0 0 224
166 10 5 1 26 6 1 1 1 1 2 2 2 0 0 0 0 0 0 0 0 0 0 0 0 0 0 0 0 0 0 0 0 0 0 224
165 27 10 5 1 1 6 2 1 2 1 1 2 0 0 0 0 0 0 0 0 0 0 0 224
168 24 10 5 6 1 1 2 1 2 1 1 2 0 0 0 0 0 0 0 0 0 0 0 0 0 0 0 0 0 0 0 0 0 0 224
163 1 29 10 2 2 1 1 6 2 5 1 1 0 0 0 0 0 0 0 0 0 0 0 0 0 0 0 0 0 0 0 0 0 224
162 1 30 5 10 2 6 1 2 2 1 1 1 0 0 0 0 0 0 0 0 0 0 0 0 224
164 6 10 1 28 2 1 1 2 1 2 1 5 0 0 0 0 0 0 0 0 0 0 0 0 0 0 0 0 0 0 0 0 0 0 0 0 0 0 0 0 0 0 0 0 0 224
164 5 1 28 2 1 6 2 10 1 1 2 1 0 0 0 0 0 0 0 0 0 0 0 0 0 0 224
168 2 2 6 10 1 24 2 5 1 1 1 1 0 0 0 0 0 0 0 0 0 224
167 25 10 1 2 1 1 6 2 1 1 5 2 0 0 0 0 0 0 0 0 0 0 0 0 0 224
166 26 10 1 5 2 6 1 1 2 1 2 1 0 0 0 0 0 0 0 0 0 0 0 0 0 0 224
167 25 10 5 1 2 2 6 1 1 2 1 1 0 0 0 0 0 0 0 0 0 0 0 0 0 0 0 0 0 0 0 0 224
27 165 2 1 2 1 5 10 6 1 1 2 1 0 0 0 0 0 0 0 0 0 0 0 0 0 0 0 0 0 0 0 0 0 0 0 0 224
29 163 10 1 2 2 6 5 2 1 1 1 1 0 0 0 0 0 0 0 0 0 0 0 0 0 0 0 0 0 0 0 0 0 0 0 0 0 0 0 0 0 0 224
166 10 5 26 6 2 2 1 2 1 1 1 1 0 0 0 0 0 0 0 0 0 0 0 0 0 0 224
164 28 1 1 2 10 5 2 6 1 1 1 2 0 0 0 0 0 0 0 0 0 0 0 0 0 0 0 0 0 0 0 224
165 5 27 10 6 2 1 2 1 1 1 1 2 0 0 0 0 0 0 0 0 0 0 0 0 0 0 0 0 0 224
165 10 27 5 6 2 1 1 2 2 1 1 1 0 0 0 0 0 0 0 0 0 0 0 0 224
165 27 5 6 10 2 2 1 1 1 1 1 2 0 0 0 0 0 0 0 0 0 0 0 0 0 0 0 224
164 28 5 10 6 1 2 2 1 2 1 1 1 0 0 0 0 0 0 0 0 0 0 0 0 0 0 0 0 0 0 0 0 0 0 0 0 0 0 0 0 0 0 224
166 26 6 1 10 1 2 1 1 2 5 2 1 0 0 0 0 0 0 0 0 0 0 0 0 0 0 224
162 1 2 6 30 5 10 2 2 1 1 1 1 0 0 0 0 0 0 0 0 0 0 0 0 0 0 224
165 27 6 10 2 1 5 2 1 2 1 1 1 0 0 0 0 0 0 0 0 0 0 0 0 224
165 6 27 10 1 2 1 5 2 1 2 1 1 0 0 0 0 0 0 0 0 0 0 0 0 0 0 224
163 29 1 10 2 2 6 5 1 1 1 2 1 0 0 0 0 0 0 0 0 0 0 0 0 0 0 0 0 224
167 2 25 10 5 2 1 1 2 1 1 6 1 0 0 0 0 0 0 0 0 0 0 0 0 0 0 0 0 0 0 0 224
166 26 2 1 5 10 6 1 2 2 1 1 1 0 0 0 0 0 0 0 0 0 0 0 0 224
167 10 25 5 1 1 6 2 1 2 2 1 1 0 0 0 0 0 0 0 0 224
163 29 10 1 1 1 1 5 6 1 2 2 2 0 0 0 0 0 0 0 0 0 0 0 0 224
162 30 1 10 6 5 2 2 2 1 1 1 1 0 0 0 0 0 0 0 0 0 0 0 224
162 30 6 10 1 5 2 1 2 1 1 2 1 0 0 0 0 0 0 224
2 162 30 10 1 1 5 6 1 2 1 1 2 0 0 0 0 0 0 0 0 0 0 0 224
6 165 27 2 2 1 5 10 2 1 1 1 1 0 0 0 0 0 0 0 0 0 0 0 0 224
164 28 2 10 1 2 5 6 1 1 1 1 2 0 0 0 0 0 0 0 0 0 0 0 0 0 0 224
166 5 26 6 1 10 2 2 2 1 1 1 1 0 0 0 0 0 0 0 0 0 0 0 0 0 0 0 0 0 0 0 0 0 0 0 0 0 0 0 0 0 224
165 27 1 5 10 2 6 2 1 1 2 1 1 0 0 0 0 0 0 0 0 0 0 0 0 0 224
164 6 28 10 2 5 1 2 1 2 1 1 1 0 0 0 0 0 0 224
165 27 5 1 10 6 2 2 1 1 2 1 1 0 0 0 0 0 0 0 0 0 0 0 0 0 0 0 0 0 0 0 0 0 0 0 0 0 0 0 224
27 165 1 10 6 5 2 1 1 1 1 2 2 0 0 0 0 0 0 0 0 0 0 0 0 0 0 0 0 0 0 0 0 0 0 0 0 0 224
170 22 2 5 2 6 10 1 2 1 1 1 1 0 0 0 0 0 0 0 0 0 0 0 0 0 0 0 0 0 0 0 0 0 0 0 0 224
164 1 28 5 10 1 2 1 6 2 1 2 1 0 0 0 0 0 0 0 0 0 0 0 0 0 0 0 0 0 0 224
163 5 29 10 2 6 1 1 1 2 2 1 1 0 0 0 0 0 0 0 0 0 0 0 0 0 0 0 0 0 0 0 0 0 224
162 1 30 10 2 2 5 1 6 2 1 1 1 0 0 0 0 0 0 0 0 0 0 0 0 224
166 26 10 1 2 6 1 2 2 5 1 1 1 0 0 0 0 0 0 0 0 0 0 0 0 0 0 0 0 224
165 2 10 27 6 2 5 1 2 1 1 1 1 0 0 0 0 0 0 0 0 0 0 0 0 0 224
168 2 24 5 6 2 10 1 1 1 1 2 1 0 0 0 0 0 0 0 0 0 0 0 0 0 0 0 0 0 0 0 0 0 224
163 29 10 5 2 6 2 1 1 1 2 1 1 0 0 0 0 0 0 0 0 0 0 0 0 0 0 0 224
162 30 6 10 2 2 5 1 1 2 1 1 1 0 0 0 0 0 0 0 0 0 0 0 0 0 0 0 0 0 0 0 0 224
167 25 10 2 6 2 1 5 1 1 1 2 1 0 0 0 0 0 0 0 0 0 0 0 0 0 0 0 0 224
167 10 25 6 5 1 2 1 1 1 2 1 2 0 0 0 0 0 0 0 0 0 0 0 224
165 2 27 10 1 5 1 2 1 1 6 1 2 0 0 0 0 0 0 0 0 0 0 0 0 0 0 0 0 0 0 0 0 0 224
167 25 10 6 5 2 2 2 1 1 1 1 1 0 0 0 0 0 0 0 0 0 0 0 224
165 27 1 2 10 5 6 2 1 1 1 1 2 0 0 0 0 0 0 0 0 0 0 0 0 0 0 0 224
165 27 5 2 10 2 6 1 1 1 2 1 1 0 0 0 0 0 0 0 0 0 0 0 0 0 0 0 0 0 0 0 0 0 0 224
163 29 2 1 10 2 1 5 6 1 2 1 1 0 0 0 0 0 0 0 0 0 0 0 0 0 0 0 224
161 31 1 6 2 5 2 10 1 1 2 1 1 0 0 0 0 0 0 0 0 0 0 0 0 0 0 0 0 0 0 0 0 224
164 1 28 10 6 1 5 1 2 2 2 1 1 0 0 0 0 0 0 0 0 0 0 0 0 224
165 1 27 1 10 1 1 5 2 6 2 2 1 0 0 0 0 0 0 0 0 0 0 0 0 0 0 0 0 0 0 0 0 0 0 0 0 0 0 0 0 224
164 1 28 6 1 2 10 5 1 2 1 2 1 0 0 0 0 0 0 0 0 0 0 0 0 0 0 0 224
163 29 10 5 1 6 2 2 1 2 1 1 1 0 0 0 0 0 0 0 0 0 0 0 0 0 0 0 0 0 0 0 0 0 224
164 2 28 2 10 6 5 1 1 1 1 1 2 0 0 0 0 0 0 0 0 0 0 0 0 0 224
168 1 2 2 24 6 1 5 2 1 1 1 10 0 0 0 0 0 0 0 0 0 0 0 0 0 0 224
164 6 28 2 5 1 10 1 2 2 1 1 1 0 0 0 0 0 0 0 0 0 224
168 24 10 2 1 5 6 2 1 1 1 2 1 0 0 0 0 0 0 0 0 0 0 0 0 0 0 0 0 224
5 164 28 10 1 2 2 1 2 6 1 1 1 0 0 0 0 0 0 0 0 0 0 0 0 0 0 224
165 27 2 10 1 5 6 1 1 2 1 1 2 0 0 0 0 0 0 0 0 0 0 0 0 0 0 0 0 0 0 0 0 224
2 165 27 10 1 1 5 1 1 6 2 2 1 0 0 0 0 0 0 0 0 0 0 0 0 0 0 0 224
165 27 10 2 6 5 2 1 2 1 1 1 1 0 0 0 0 0 0 0 0 0 0 0 224
166 26 2 2 6 1 1 5 10 2 1 1 1 0 0 0 0 0 0 0 0 0 0 0 0 0 0 0 224
165 6 5 27 10 1 1 1 2 1 2 2 1 0 0 0 0 0 0 0 0 0 0 0 224
162 30 6 2 1 5 10 2 1 2 1 1 1 0 0 0 0 0 0 0 0 0 0 0 0 0 0 224
163 29 10 5 6 2 1 1 1 1 2 1 2 0 0 0 0 0 0 0 0 0 0 0 0 0 0 0 0 224
165 5 27 2 1 10 6 2 1 1 1 2 1 0 0 0 0 0 0 0 0 0 0 0 0 0 0 224
166 26 10 1 2 2 1 6 1 2 5 1 1 0 0 0 0 0 0 0 0 224
161 31 10 5 2 6 2 1 1 1 2 1 1 0 0 0 0 0 0 0 0 224
164 28 2 6 2 10 2 1 1 5 1 1 1 0 0 0 0 224
166 1 1 2 26 6 1 5 10 2 2 1 1 0 0 0 0 0 0 0 0 0 0 0 0 224
161 31 2 10 2 2 1 1 6 5 1 1 1 0 0 0 224
164 28 6 5 10 2 2 1 1 1 2 1 1 0 0 0 0 0 224
162 30 10 5 6 2 2 1 1 2 1 1 1 0 0 0 0 0 0 0 0 0 224
6 163 1 29 2 1 5 1 2 1 10 2 1 0 0 0 0 0 0 0 0 0 0 0 0 0 0 224
163 10 29 6 1 1 2 5 2 1 2 1 1 0 0 0 0 0 0 0 0 0 0 0 0 0 0 0 0 0 0 0 0 0 0 0 224
166 10 26 6 5 1 2 1 1 2 2 1 1 0 0 0 0 0 0 0 0 0 0 0 0 0 0 0 0 0 0 0 0 0 0 224
166 5 26 6 10 2 1 1 2 2 1 1 1 0 0 0 0 0 0 0 0 0 0 0 0 0 0 0 224
165 27 6 2 1 2 1 2 10 1 1 1 5 0 0 0 0 0 0 0 0 0 0 0 0 0 0 0 0 0 0 0 0 0 0 0 0 0 0 224
165 27 10 2 6 5 2 1 1 2 1 1 1 0 0 0 0 0 0 0 0 0 0 0 0 0 224
164 28 10 2 2 6 1 1 5 1 1 1 2 0 0 0 0 0 0 0 0 0 0 0 0 224
167 25 6 1 10 5 1 2 2 1 2 1 1 0 0 0 0 0 0 0 0 0 0 0 0 0 0 0 0 0 0 0 0 224
166 26 5 2 10 6 1 2 2 1 1 1 1 0 0 0 0 0 0 0 0 0 0 0 0 0 0 0 0 0 0 0 0 0 0 0 0 0 0 0 0 0 0 0 0 0 0 0 0 0 0 224
166 26 10 2 2 1 1 6 2 5 1 1 1 0 0 0 0 0 0 0 0 0 0 0 0 0 0 0 224
167 25 6 2 10 5 1 1 2 1 2 1 1 0 0 0 0 0 0 0 0 0 0 0 0 0 0 0 0 0 0 0 0 224
163 29 6 2 1 1 10 5 2 2 1 1 1 0 0 0 0 0 0 0 0 0 224
164 5 1 2 10 28 1 6 1 1 1 2 2 0 0 0 0 0 0 0 0 0 0 0 0 0 0 0 0 0 0 0 224
165 2 1 10 1 6 27 2 2 1 5 1 1 0 0 0 0 0 0 0 0 0 0 224
26 166 6 10 5 1 1 1 2 2 2 1 1 0 0 0 0 0 0 0 0 0 0 0 0 0 0 0 0 0 0 0 0 0 0 0 0 0 0 0 224
164 5 2 2 28 10 1 1 6 1 2 1 1 0 0 0 0 0 0 0 0 0 0 0 0 0 0 0 0 0 0 0 224
10 165 27 5 6 1 2 2 2 1 1 1 1 0 0 0 0 0 0 0 0 0 0 0 0 0 0 0 0 0 224
27 165 10 5 1 1 1 2 1 2 6 2 1 0 0 0 0 0 0 0 0 0 0 0 0 0 0 0 0 0 0 0 0 0 0 224
164 28 10 6 1 2 5 2 2 1 1 1 1 0 0 0 0 0 0 0 0 0 0 0 0 0 0 224
162 1 5 30 2 10 2 6 1 1 1 2 1 0 0 0 0 0 0 0 0 0 0 0 0 224
164 28 6 10 1 2 2 5 1 1 1 1 2 0 0 0 0 0 0 0 0 0 0 0 0 0 0 0 0 0 0 0 0 0 0 0 224
160 32 5 2 1 10 2 6 1 2 1 1 1 0 0 0 0 0 0 0 0 0 0 0 0 0 0 0 0 0 0 0 0 0 0 0 0 224
165 1 27 2 6 10 1 2 2 1 1 5 1 0 0 0 0 0 0 0 224
170 10 2 1 1 22 1 6 1 5 2 2 1 0 0 0 0 0 0 0 0 224
167 10 25 2 6 1 1 5 2 1 2 1 1 0 0 0 0 0 0 0 0 0 0 0 224
164 6 28 1 10 1 5 2 2 2 1 1 1 0 0 0 0 0 0 0 0 0 0 0 0 0 0 0 224
163 10 29 2 2 2 5 1 6 1 1 1 1 0 0 0 0 0 0 0 0 0 0 0 224
165 27 1 5 6 10 1 2 2 1 1 1 2 0 0 0 0 0 0 0 0 0 0 0 0 0 0 0 0 0 0 0 0 0 224
165 27 2 6 1 10 2 5 1 2 1 1 1 0 0 0 0 0 0 0 0 0 0 0 0 0 0 0 0 0 0 0 224
163 29 2 5 1 2 10 6 1 2 1 1 1 0 0 0 0 0 0 0 0 0 0 0 0 0 0 0 0 0 0 0 0 0 0 0 224
166 10 26 5 6 2 1 1 2 2 1 1 1 0 0 0 0 0 0 0 0 0 0 0 0 0 0 0 0 0 0 0 0 0 0 0 224
164 28 10 1 2 6 5 1 2 2 1 1 1 0 0 0 0 0 0 0 0 0 0 0 224
166 26 10 6 2 1 5 1 2 1 2 1 1 0 0 0 0 0 0 0 224
164 28 5 6 2 1 10 1 1 1 1 2 2 0 0 0 0 0 0 0 0 0 0 0 0 0 0 0 0 0 0 0 224
166 26 1 10 1 1 2 1 6 2 5 2 1 0 0 0 0 0 0 0 0 0 0 0 0 0 0 0 0 0 0 0 0 0 0 224
164 28 5 1 10 2 1 6 2 1 2 1 1 0 0 0 0 0 0 0 0 224
1 163 1 29 10 1 2 5 2 6 2 1 1 0 0 0 0 0 0 0 0 0 0 0 0 0 0 0 0 0 0 0 0 0 0 224
166 26 10 5 1 1 6 2 1 2 1 1 2 0 0 0 0 0 0 0 0 0 0 0 0 0 0 0 0 0 0 0 0 0 0 0 0 224
166 26 1 10 1 5 2 2 6 2 1 1 1 0 0 0 0 0 0 0 0 0 0 0 0 0 0 0 0 0 0 0 0 0 224
164 1 28 5 2 6 10 1 2 1 1 2 1 0 0 0 0 0 0 0 0 0 0 0 0 0 0 0 0 0 0 0 0 0 0 224
163 29 1 6 10 5 2 1 2 2 1 1 1 0 0 0 0 224
164 28 2 5 10 6 2 2 1 1 1 1 1 0 0 0 0 0 0 0 0 0 0 0 0 0 0 0 0 0 0 0 0 0 224
167 25 2 5 1 10 2 1 6 2 1 1 1 0 0 0 0 0 0 0 0 0 0 0 0 0 0 0 0 0 0 224
166 10 1 26 5 2 2 2 1 1 6 1 1 0 0 0 0 0 0 0 0 0 0 0 0 224
164 28 10 1 2 6 2 1 1 1 5 1 2 0 0 0 0 0 0 0 0 0 0 0 0 0 0 224
166 26 10 1 5 2 6 2 1 2 1 1 1 0 0 0 0 0 0 0 0 0 0 0 0 0 224
165 10 27 1 1 2 1 6 5 1 1 2 2 0 0 0 0 0 0 0 0 0 0 0 0 0 0 0 0 0 0 0 0 0 224
166 26 10 5 1 6 2 1 1 1 2 2 1 0 0 0 0 0 0 0 0 0 224
166 10 26 5 1 2 2 1 2 1 1 1 6 0 0 0 0 0 0 0 0 0 0 0 0 0 0 0 0 0 0 0 224
166 5 1 1 1 26 2 6 10 1 2 2 1 0 0 0 0 0 0 0 0 0 0 0 0 0 0 0 0 224
165 6 27 10 5 1 1 2 2 1 1 1 2 0 0 0 0 0 0 0 0 0 0 0 0 0 0 0 0 0 0 0 0 0 0 0 224
167 25 1 1 5 10 1 6 2 1 2 2 1 0 0 0 0 0 0 0 0 0 0 0 0 0 0 0 224
169 23 10 2 1 5 6 1 1 1 2 1 2 0 0 0 0 0 0 224
166 5 26 10 6 1 2 1 2 2 1 1 1 0 0 0 0 0 0 0 0 0 0 0 0 0 0 0 0 0 0 0 0 0 0 0 0 0 0 0 0 0 0 0 0 224
164 28 5 10 6 1 1 1 2 2 2 1 1 0 0 0 0 0 0 0 0 0 0 0 0 224
162 30 2 6 10 2 2 1 1 5 1 1 1 0 0 0 0 0 0 0 0 0 0 0 0 0 0 0 0 0 0 224
164 10 28 2 6 1 1 5 1 2 1 2 1 0 0 0 0 0 0 0 0 0 0 0 0 0 0 0 0 224
166 6 26 5 1 2 2 1 2 10 1 1 1 0 0 0 0 0 0 0 0 0 0 0 0 224
162 30 10 2 5 6 1 1 2 1 1 2 1 0 0 0 0 0 0 0 0 0 0 0 0 0 0 0 0 0 0 0 0 0 0 0 0 224
166 26 10 1 2 2 5 6 2 1 1 1 1 0 0 0 0 0 0 0 0 0 0 0 0 224
165 27 10 5 1 6 1 2 2 1 1 2 1 0 0 0 0 0 0 0 0 224
166 26 5 1 1 1 10 6 2 1 1 2 2 0 0 0 0 0 0 0 0 0 0 0 0 0 0 0 224
165 27 10 6 1 2 1 2 5 1 2 1 1 0 0 0 0 0 0 0 0 0 0 0 0 0 0 0 0 0 0 0 0 0 0 0 0 0 224
166 6 26 10 1 2 1 5 1 2 1 2 1 0 0 0 0 0 0 0 0 0 0 0 0 0 0 0 0 0 224
163 29 2 10 2 5 1 1 6 1 2 1 1 0 0 0 0 0 0 0 0 0 0 0 0 0 0 0 0 0 0 0 0 0 0 0 0 0 224
2 166 6 26 10 1 1 5 2 2 1 1 1 0 0 0 0 0 0 0 0 0 0 0 0 0 0 0 0 0 224
166 10 26 2 2 2 6 5 1 1 1 1 1 0 0 0 0 0 0 0 0 0 0 224
166 1 26 5 10 6 2 2 1 2 1 1 1 0 0 0 0 0 0 0 0 224
165 27 1 1 10 6 2 1 5 1 2 2 1 0 0 0 0 0 0 0 0 0 0 0 0 0 0 0 0 0 0 0 0 224
165 27 10 5 1 6 2 2 1 1 1 2 1 0 0 0 0 0 0 0 0 0 0 0 0 0 0 0 224
163 29 5 6 10 1 2 1 1 1 1 2 2 0 0 0 0 0 0 0 0 0 0 0 0 0 0 0 0 0 0 0 0 0 0 0 0 0 0 0 224
167 10 25 6 2 2 1 5 1 2 1 1 1 0 0 0 0 0 0 0 224
165 10 2 2 27 1 1 6 1 5 2 1 1 0 0 0 0 0 0 0 0 0 0 0 0 0 0 0 0 0 0 0 224
162 10 30 1 6 5 2 1 1 1 2 2 1 0 0 0 0 0 0 0 0 0 0 0 0 0 0 0 0 0 0 0 0 0 0 0 0 0 0 0 0 0 0 0 0 224
166 26 1 6 10 1 2 1 5 2 2 1 1 0 0 0 0 0 0 0 0 0 0 0 0 0 0 0 224
163 1 10 29 2 5 1 1 6 1 2 1 2 0 0 0 0 0 0 0 0 0 0 0 0 0 0 0 0 0 0 0 0 0 224
165 27 10 6 2 2 5 1 2 1 1 1 1 0 0 0 0 0 0 0 0 0 0 0 0 0 0 0 0 0 0 0 0 0 0 0 0 0 0 0 0 0 0 0 0 0 0 224
165 27 2 5 2 6 1 10 1 1 1 2 1 0 0 0 0 0 0 0 0 0 0 0 224
164 28 1 2 10 5 2 1 6 1 1 2 1 0 0 0 0 0 0 0 0 0 224
165 27 10 5 1 1 6 2 1 1 2 2 1 0 0 0 0 0 0 0 0 0 0 0 0 0 0 0 0 0 0 0 224
166 26 6 10 2 1 5 2 2 1 1 1 1 0 0 0 0 0 0 0 0 0 0 0 0 224
167 25 2 10 6 1 2 5 2 1 1 1 1 0 0 0 0 0 0 0 0 0 0 0 0 0 0 0 0 0 0 224
164 28 1 10 5 2 6 2 2 1 1 1 1 0 0 0 0 0 0 0 0 0 0 0 0 224
164 6 1 28 10 2 1 5 2 1 1 2 1 0 0 0 0 0 0 0 0 0 0 0 0 0 0 0 0 0 0 0 0 0 0 224
164 28 10 6 1 1 5 2 2 1 1 2 1 0 0 0 0 0 0 0 0 0 0 0 0 0 0 0 0 0 0 224
165 27 10 1 6 1 1 5 2 2 1 2 1 0 0 0 0 0 0 0 0 0 0 0 0 0 0 0 0 0 0 0 0 0 0 0 224
164 28 1 10 2 5 6 2 2 1 1 1 1 0 0 0 0 0 0 0 0 0 0 0 0 0 0 0 0 0 0 0 0 0 0 0 0 0 0 0 0 0 224
166 26 6 5 10 1 2 2 1 1 1 2 1 0 0 0 0 0 0 0 224
163 10 29 1 6 1 1 5 1 2 2 1 2 0 0 0 0 0 0 0 0 0 0 0 0 0 0 0 0 0 0 0 0 0 0 0 0 0 224
164 28 6 2 2 5 1 1 10 1 2 1 1 0 0 0 0 0 0 0 0 0 0 0 0 0 0 0 0 224
163 29 10 5 2 1 2 1 1 6 1 1 2 0 0 0 0 0 0 0 0 0 0 0 0 0 0 0 0 0 0 0 0 0 224
164 10 6 28 5 2 2 2 1 1 1 1 1 0 0 0 0 0 0 0 0 0 0 0 0 0 0 0 0 0 0 224
167 10 1 5 2 25 1 2 6 2 1 1 1 0 0 0 0 0 0 0 0 0 0 0 0 0 0 0 0 0 0 0 0 0 0 0 0 0 0 0 0 0 0 0 0 224
28 164 6 2 1 10 2 5 1 1 2 1 1 0 0 0 0 0 0 0 0 0 0 0 0 0 0 0 0 0 224
164 1 1 10 28 1 5 1 6 1 2 2 2 0 0 0 0 0 0 0 0 0 0 0 224
165 27 2 1 10 5 2 1 6 1 1 1 2 0 0 0 0 0 0 0 0 0 0 0 0 0 0 0 0 224
165 27 2 10 5 6 1 2 1 1 2 1 1 0 0 0 0 0 0 0 0 0 0 0 224
1 164 6 28 10 2 1 1 5 1 2 2 1 0 0 0 0 0 0 0 0 0 0 0 0 0 0 0 0 0 224
163 29 5 1 10 2 1 6 2 1 1 1 2 0 0 0 0 0 0 0 0 0 0 0 0 0 0 0 0 0 0 0 0 0 0 0 0 0 0 0 0 0 0 0 224
163 29 6 1 5 10 1 1 2 2 1 2 1 0 0 0 0 0 0 0 0 0 224
166 26 6 5 10 1 2 1 2 1 2 1 1 0 0 0 0 0 0 0 0 0 0 0 0 0 224
166 10 5 26 2 1 6 1 2 1 1 1 2 0 0 0 0 0 0 0 0 0 0 0 0 0 0 0 0 0 0 224
165 27 5 10 1 1 6 1 2 2 1 1 2 0 0 0 0 0 0 0 0 0 0 0 0 0 0 0 224
1 166 26 6 5 2 10 1 1 2 1 2 1 0 0 0 0 0 0 0 0 0 0 0 0 0 0 0 0 0 0 0 0 0 0 0 0 0 0 0 0 0 0 224
164 5 1 10 28 1 2 6 2 1 1 1 2 0 0 0 0 0 0 0 0 0 0 0 0 0 224
165 27 1 2 10 5 6 1 2 1 1 1 2 0 0 0 0 0 0 0 0 0 0 0 0 0 0 0 0 0 224
6 164 28 2 1 10 2 1 5 1 1 2 1 0 0 0 0 0 0 0 0 0 0 0 0 0 0 0 224
165 6 27 1 5 2 10 1 1 1 2 2 1 0 0 0 0 0 0 0 224
163 29 5 6 2 2 1 1 10 2 1 1 1 0 0 0 0 0 0 0 0 0 0 0 0 0 0 0 0 0 0 0 0 0 0 0 0 0 224
163 29 2 1 6 10 5 1 1 1 2 2 1 0 0 0 0 0 0 0 0 0 0 0 0 0 0 0 0 0 0 0 0 0 0 0 0 224
164 28 2 10 6 1 5 1 1 2 1 2 1 0 0 0 0 0 0 0 0 0 0 0 0 0 0 0 224
165 27 10 2 6 5 1 1 1 2 1 1 2 0 0 0 0 0 0 0 0 0 0 0 224
5 29 163 1 6 2 10 2 1 1 1 2 1 0 0 0 0 0 0 0 0 0 0 0 0 0 0 0 0 224
165 27 2 5 10 6 1 1 1 2 2 1 1 0 0 0 0 0 0 0 0 0 0 0 0 0 224
163 10 5 29 1 6 1 2 1 2 2 1 1 0 0 0 0 0 0 0 0 0 0 0 0 0 0 0 0 0 0 0 0 0 0 0 0 0 0 0 224
163 29 6 2 10 2 1 5 1 1 1 2 1 0 0 0 0 0 0 0 0 0 0 0 0 0 0 0 224
164 10 28 1 6 2 1 1 2 5 2 1 1 0 0 0 0 0 0 0 0 0 0 0 0 0 0 0 0 0 0 0 0 224
164 1 10 28 5 6 1 1 2 2 1 2 1 0 0 0 0 0 0 0 0 0 0 0 0 0 0 224
165 27 10 1 5 6 2 2 2 1 1 1 1 0 0 0 0 0 0 0 0 0 0 0 0 0 0 0 0 0 0 0 0 0 0 0 0 0 0 0 224
165 27 1 10 1 6 5 2 1 2 1 2 1 0 0 0 0 0 0 0 0 0 0 224
165 6 5 27 10 1 2 1 1 2 1 2 1 0 0 0 0 0 0 0 0 0 0 0 0 224
166 26 6 10 5 1 2 2 1 1 1 2 1 0 0 0 0 0 0 0 0 0 0 0 0 0 0 0 0 224
166 2 26 10 5 2 1 2 6 1 1 1 1 0 0 0 0 0 0 0 0 0 0 0 0 0 0 0 0 0 0 224
30 162 2 10 5 1 6 1 1 1 2 2 1 0 0 0 0 0 0 0 0 0 0 0 0 0 0 0 0 0 0 224
2 162 30 10 5 2 1 6 1 2 1 1 1 0 0 0 0 0 0 0 0 0 224
165 27 6 1 2 5 10 2 1 1 1 1 2 0 0 0 0 0 0 0 224
161 2 31 2 1 10 5 1 1 1 2 6 1 0 0 0 0 0 0 0 0 0 0 0 0 0 0 0 0 0 0 0 0 0 0 224
164 28 1 10 6 1 1 2 2 5 1 1 2 0 0 0 0 0 0 0 0 0 0 0 0 0 0 0 0 224
165 27 10 1 2 5 1 1 1 6 2 1 2 0 0 0 0 0 0 0 0 0 0 224
165 27 10 5 6 1 2 1 2 1 1 2 1 0 0 0 0 0 0 0 0 0 0 0 0 0 0 0 0 0 0 0 0 0 224
162 30 10 1 2 1 5 6 1 1 2 2 1 0 0 0 0 0 0 0 0 0 0 0 0 0 0 0 0 0 0 0 0 0 224
1 166 10 26 5 6 2 1 1 2 2 1 1 0 0 0 0 0 0 0 0 0 0 0 0 0 0 0 0 0 0 0 0 224
167 25 2 1 6 10 5 1 2 1 2 1 1 0 0 0 0 0 0 0 0 0 0 0 0 0 0 0 0 0 0 0 224
166 6 26 5 2 2 10 1 1 2 1 1 1 0 0 0 0 0 0 0 0 0 0 0 0 0 0 0 0 0 0 0 0 0 0 0 0 0 0 224
162 30 10 1 1 2 1 5 1 2 6 1 2 0 0 0 0 0 0 0 0 0 0 0 0 0 0 0 0 0 0 0 0 0 0 0 224
165 6 27 2 5 10 1 1 2 1 1 2 1 0 0 0 0 0 0 0 0 0 0 0 0 0 0 0 0 224
164 28 1 2 5 2 1 1 2 1 6 1 10 0 0 0 0 0 0 0 0 0 0 0 224
164 2 28 2 1 5 10 6 1 1 1 2 1 0 0 0 0 0 0 0 0 0 0 0 0 0 0 224
165 2 10 2 27 6 5 2 1 1 1 1 1 0 0 0 0 0 0 0 0 0 0 0 0 0 0 0 0 0 0 0 0 0 0 0 0 224
166 26 10 6 1 2 1 1 5 2 1 1 2 0 0 0 0 0 0 0 0 0 0 0 0 0 0 0 0 0 0 0 0 0 224
165 27 10 6 1 1 2 1 5 2 1 2 1 0 0 0 0 0 0 0 0 0 224
165 1 5 27 2 10 2 6 2 1 1 1 1 0 0 0 0 0 0 0 0 0 0 0 0 0 0 0 0 0 0 0 0 0 0 0 0 0 0 0 0 0 224
164 28 6 10 2 5 1 1 1 2 1 1 2 0 0 0 0 224
165 27 5 10 2 1 6 2 1 1 1 2 1 0 0 0 0 0 0 0 0 0 0 0 0 0 0 0 0 0 0 0 0 0 0 0 0 0 0 0 224
166 26 2 5 10 1 6 1 1 2 2 1 1 0 0 0 0 0 0 0 0 0 0 0 0 0 0 0 0 224
29 163 10 5 2 2 1 6 1 1 1 2 1 0 0 0 0 0 0 0 0 0 0 0 0 224
163 10 29 2 5 2 6 1 2 1 1 1 1 0 0 0 0 0 0 0 0 0 0 0 0 0 0 224
165 10 27 1 2 1 1 1 6 5 2 2 1 0 0 0 0 0 0 0 0 0 0 0 0 0 0 0 0 0 0 0 0 0 0 0 224
164 28 1 1 10 2 5 2 2 6 1 1 1 0 0 0 0 0 0 0 0 0 0 0 0 0 0 224
165 1 5 10 27 2 1 2 1 6 2 1 1 0 0 0 0 0 0 0 0 0 0 0 0 0 0 224
166 26 2 10 1 1 5 1 2 6 1 2 1 0 0 0 0 0 0 0 0 0 0 0 0 0 224
159 33 2 2 1 5 1 1 10 2 6 1 1 0 0 0 0 0 0 0 0 0 224
164 28 2 10 1 6 5 1 2 1 1 2 1 0 0 0 0 0 0 0 0 0 0 0 0 0 0 0 0 0 0 0 0 224
164 5 28 1 10 1 6 1 2 2 1 2 1 0 0 0 0 0 0 0 0 0 0 0 0 0 0 0 0 0 0 0 0 0 0 224
167 1 1 10 25 5 2 6 1 1 2 1 2 0 0 0 0 0 0 0 0 0 0 0 0 0 0 0 224
164 10 28 2 1 5 1 2 6 1 2 1 1 0 0 0 0 0 0 0 0 0 224
164 28 1 10 1 1 6 2 5 2 1 2 1 0 0 0 0 0 0 0 0 0 0 0 0 0 224
165 1 10 27 6 5 1 2 1 1 2 2 1 0 0 0 0 0 0 0 224
162 30 1 5 2 1 1 10 2 6 2 1 1 0 0 0 0 0 0 0 0 0 0 0 0 0 0 0 0 0 0 0 224
165 27 1 1 6 2 10 2 1 1 2 5 1 0 0 0 0 0 0 0 0 0 0 0 0 224
164 28 1 2 5 10 2 1 1 2 1 6 1 0 0 0 0 0 0 0 0 0 0 0 0 0 0 0 0 0 0 0 0 0 0 0 0 0 0 0 224
162 2 6 30 1 10 1 5 1 1 2 1 2 0 0 0 0 0 0 0 0 0 0 224
163 6 10 29 5 2 1 1 2 1 2 1 1 0 0 0 0 0 0 0 0 0 0 0 224
164 28 6 10 2 1 1 5 1 2 1 2 1 0 0 0 0 0 0 0 0 0 0 0 0 0 0 0 0 0 0 0 0 224
160 10 32 5 6 2 2 2 1 1 1 1 1 0 0 0 0 0 0 0 0 224
164 28 2 2 10 5 6 1 1 2 1 1 1 0 0 0 0 0 0 0 0 0 0 0 0 224
165 2 27 10 1 2 5 1 6 2 1 1 1 0 0 0 0 0 0 0 0 0 0 0 0 0 0 0 0 224
165 2 6 1 27 5 2 10 2 1 1 1 1 0 0 0 0 0 0 0 0 0 0 0 0 0 0 0 0 0 0 0 0 0 0 0 0 0 0 0 0 0 0 224
163 29 1 1 6 10 5 2 1 2 1 1 2 0 0 0 0 0 0 0 0 0 0 0 0 0 0 0 0 0 0 0 0 224
164 10 28 2 2 2 6 5 1 1 1 1 1 0 0 0 0 0 0 0 0 0 224
165 10 5 27 6 2 2 1 1 1 1 2 1 0 0 0 0 0 0 0 0 0 0 0 0 0 0 0 0 224
164 28 1 1 2 10 6 1 5 2 2 1 1 0 0 0 0 0 0 0 0 0 0 224
163 6 2 10 2 5 29 1 1 2 1 1 1 0 0 0 0 0 0 0 0 0 224
164 2 28 6 5 1 1 10 1 1 2 1 2 0 0 0 0 0 0 0 0 0 0 0 0 0 0 0 0 224
5 28 164 6 10 2 1 2 2 1 1 1 1 0 0 0 0 0 0 0 0 0 0 224
165 10 27 6 1 1 1 1 2 2 5 1 2 0 0 0 0 0 0 0 0 0 0 0 0 0 0 0 0 0 0 0 0 0 0 0 0 224
165 27 1 5 10 6 1 2 2 2 1 1 1 0 0 0 0 0 0 0 0 0 0 0 0 0 0 0 0 0 0 0 0 0 224
166 26 6 10 5 2 2 2 1 1 1 1 1 0 0 0 0 0 0 0 0 0 0 0 0 0 224
165 27 10 1 5 6 1 2 2 2 1 1 1 0 0 0 0 0 0 0 0 224
164 5 28 2 2 6 1 1 10 1 2 1 1 0 0 0 0 0 0 0 0 0 0 0 224
163 5 6 29 10 2 2 1 1 2 1 1 1 0 0 0 0 0 0 0 0 0 224
165 27 10 2 6 5 2 1 1 1 2 1 1 0 0 0 0 0 0 0 0 0 0 0 224
163 29 5 10 2 1 2 6 1 2 1 1 1 0 0 0 0 0 0 0 0 0 0 0 0 0 224
10 164 1 28 2 2 1 1 2 5 6 1 1 0 0 0 0 0 0 0 0 0 0 0 0 0 0 0 0 0 224
165 27 10 2 1 6 2 5 1 1 1 2 1 0 0 0 0 0 0 0 0 0 0 0 0 0 0 0 0 0 0 0 224
165 2 27 6 1 2 10 1 5 1 1 2 1 0 0 0 0 0 0 0 0 0 0 0 0 0 0 0 0 0 0 0 0 0 0 0 0 0 224
164 28 10 5 1 2 1 6 1 2 2 1 1 0 0 0 0 0 0 0 0 0 0 0 0 224
164 28 2 10 1 5 6 1 2 1 2 1 1 0 0 0 0 0 0 0 0 0 0 0 0 0 0 0 0 0 0 0 0 0 224
166 10 26 5 2 6 1 2 1 2 1 1 1 0 0 0 0 0 0 0 0 0 0 0 0 0 0 0 0 0 0 0 0 0 224
167 10 25 1 6 1 5 2 1 1 1 2 2 0 0 0 0 0 0 0 0 0 0 0 0 0 0 0 224
166 10 26 2 2 6 1 1 1 2 5 1 1 0 0 0 0 0 0 0 0 0 0 224
165 10 27 6 5 2 2 2 1 1 1 1 1 0 0 0 0 0 0 0 0 0 0 224
166 6 26 10 5 2 2 1 1 1 2 1 1 0 0 0 0 0 0 0 0 0 0 0 0 0 0 224
166 26 5 10 1 2 2 6 1 1 1 2 1 0 0 0 0 0 0 0 0 0 0 0 0 0 0 0 0 224
168 24 10 1 2 5 6 1 1 2 2 1 1 0 0 0 0 0 0 0 0 0 0 0 0 0 0 0 0 0 0 0 0 0 0 224
165 27 10 1 6 1 5 1 2 1 1 2 2 0 0 0 0 0 0 0 0 0 0 0 0 0 0 224
166 1 26 5 6 10 1 1 2 2 1 2 1 0 0 0 0 0 0 0 0 0 224
167 25 10 5 1 1 2 1 1 2 6 2 1 0 0 0 0 0 0 0 0 0 0 0 0 0 0 0 0 0 0 0 0 0 0 0 0 224
163 6 5 29 10 2 2 1 1 2 1 1 1 0 0 0 0 0 0 0 0 0 0 0 0 224
165 10 27 6 2 2 1 1 5 1 1 2 1 0 0 0 0 0 0 0 0 0 0 0 224
165 27 2 10 6 5 1 2 2 1 1 1 1 0 0 0 0 0 0 0 0 0 0 0 0 0 0 0 0 0 0 0 0 0 0 0 224
166 26 10 5 6 1 1 1 2 2 2 1 1 0 0 0 0 0 0 0 0 0 0 0 0 0 0 0 0 0 0 0 0 0 0 224
165 27 10 1 1 5 1 2 2 6 2 1 1 0 0 0 0 0 0 0 0 0 0 0 0 0 0 0 224
162 30 1 10 2 1 5 6 1 2 1 1 2 0 0 0 0 0 0 0 0 0 0 0 0 0 0 0 0 0 224
165 10 27 6 2 2 2 1 5 1 1 1 1 0 0 0 0 0 0 0 0 0 0 0 0 0 0 0 224
164 28 6 5 10 2 1 2 1 2 1 1 1 0 0 0 0 0 0 0 0 0 224
164 1 5 28 6 1 10 1 2 2 1 2 1 0 0 0 0 0 0 0 0 0 0 0 0 0 0 0 0 224
164 2 1 1 10 28 2 6 1 5 1 1 2 0 0 0 0 0 0 0 0 0 0 0 0 0 0 0 224
163 29 10 5 2 1 1 2 6 1 1 2 1 0 0 0 0 0 0 0 0 0 0 0 0 0 0 0 0 0 0 0 0 0 0 0 0 0 0 0 0 0 0 224
5 2 166 26 1 10 6 1 1 1 2 2 1 0 0 0 0 0 0 0 0 0 0 0 224
166 26 1 5 10 1 1 2 2 2 6 1 1 0 0 0 0 0 0 0 0 0 0 0 0 0 0 0 0 0 0 0 0 0 0 0 0 0 0 0 0 0 0 0 224
166 1 26 10 6 2 2 5 1 2 1 1 1 0 0 0 0 0 0 0 0 0 0 0 0 0 0 0 0 0 0 0 0 0 0 0 0 0 0 0 224
166 10 26 5 2 2 1 2 1 1 6 1 1 0 0 0 0 0 0 0 0 0 0 0 0 0 0 0 0 0 0 0 0 0 0 0 0 0 0 224
1 163 6 29 10 2 2 1 2 1 5 1 1 0 0 0 0 0 0 0 0 0 0 0 0 0 0 0 224
165 1 27 10 5 1 6 2 1 2 1 1 2 0 224
164 28 1 10 2 1 2 1 5 6 1 1 2 0 0 0 0 0 0 0 0 0 0 0 0 0 0 0 0 0 0 0 0 0 224
163 29 2 6 1 1 10 2 2 5 1 1 1 0 0 0 0 0 0 0 0 0 0 0 0 0 0 0 0 0 0 224
167 25 6 1 5 2 10 2 1 1 1 2 1 0 0 0 0 0 0 0 0 0 0 0 0 0 0 0 0 0 0 0 0 0 0 0 0 0 0 0 224
165 10 27 6 1 2 2 5 2 1 1 1 1 0 0 0 0 0 0 0 0 0 0 0 0 0 0 0 0 0 0 0 0 0 0 0 0 0 0 0 0 0 0 0 224
164 28 2 10 6 5 1 1 1 2 1 1 2 0 0 0 0 0 0 0 0 0 0 0 0 0 0 0 0 0 0 0 0 0 0 0 0 0 0 0 0 224
165 6 27 10 2 1 5 1 1 1 2 1 2 0 0 0 0 0 0 0 0 0 0 0 0 0 0 0 0 0 0 0 0 0 224
164 28 1 10 2 5 1 2 6 1 1 1 2 0 0 0 0 0 0 0 0 0 0 0 0 0 0 224
161 31 10 2 1 2 5 1 1 6 1 1 2 0 0 0 0 0 0 0 0 0 0 0 0 0 224
161 31 10 6 2 5 1 1 2 2 1 1 1 0 0 0 0 0 0 0 0 0 0 0 0 224
159 33 6 10 1 5 2 2 1 1 1 1 2 0 0 0 0 0 0 0 224
160 1 2 5 32 6 10 2 1 1 1 1 2 0 0 0 0 0 0 0 0 0 0 0 0 224
140 52 1 5 10 1 6 2 1 2 1 1 2 0 0 0 0 0 0 0 0 0 0 0 0 224
162 5 30 10 2 2 1 6 2 1 1 1 1 0 0 0 0 0 0 0 0 0 0 0 0 0 0 0 224
156 36 6 5 10 2 1 1 1 1 2 1 2 0 0 0 0 0 0 0 0 0 0 0 0 0 0 0 0 0 0 0 0 0 0 0 0 0 0 0 0 224
159 33 5 10 6 2 1 2 1 1 2 1 1 0 0 0 0 0 0 0 0 0 0 0 0 224
165 27 2 5 6 10 2 1 1 1 1 1 2 0 0 0 0 0 0 0 0 0 0 0 0 0 0 0 0 224
164 28 10 6 1 2 2 1 5 1 2 1 1 0 0 0 0 0 0 0 0 0 0 0 0 0 0 0 0 0 0 0 0 224
165 27 10 1 1 1 5 1 2 2 1 6 2 0 0 0 0 0 0 0 0 0 0 0 0 0 0 224
165 27 2 6 1 10 1 1 5 2 1 1 2 0 0 0 0 0 0 0 0 0 0 224
166 10 5 26 1 6 2 1 2 1 1 2 1 0 0 0 0 0 0 0 0 0 0 0 0 0 0 0 0 0 0 0 224
163 10 29 6 2 5 2 1 1 1 1 1 2 0 0 0 0 0 0 0 0 0 0 0 224
163 29 6 1 5 10 1 2 2 1 1 2 1 0 0 0 0 0 0 0 0 0 0 0 224
166 26 10 2 2 5 6 2 1 1 1 1 1 0 0 0 0 0 0 0 0 0 0 0 0 0 0 0 0 0 0 0 0 224
165 27 1 1 5 10 6 1 1 2 2 1 2 0 0 0 0 0 0 0 0 0 0 0 0 0 0 0 0 0 0 0 0 0 224
165 10 6 27 1 1 2 2 2 5 1 1 1 0 0 0 0 0 0 0 0 0 0 0 0 0 0 0 0 0 0 0 0 0 224
165 27 5 2 6 10 1 2 1 2 1 1 1 0 0 0 0 0 0 0 0 0 0 0 0 0 0 0 0 0 0 0 0 0 0 0 0 0 224
165 27 10 6 2 5 2 1 1 1 1 1 2 0 0 0 0 0 0 0 0 0 0 0 0 0 0 0 0 0 224
161 5 31 6 10 1 2 1 2 1 1 2 1 0 0 0 0 0 0 0 0 0 0 0 0 0 0 0 0 0 0 0 0 0 0 0 224
166 26 2 10 1 5 6 1 2 1 1 1 2 0 0 0 0 0 0 0 0 0 0 0 0 224
166 26 10 1 6 5 1 1 2 1 1 2 2 0 0 0 0 0 0 0 0 224
164 2 28 1 10 2 5 1 2 1 6 1 1 0 0 0 0 0 0 0 0 0 0 0 0 0 0 0 0 0 0 0 0 0 0 0 0 0 0 0 0 0 0 0 0 0 0 0 0 0 0 0 0 0 0 0 224
165 6 27 1 10 2 1 5 1 2 1 2 1 0 0 0 0 0 0 0 0 0 0 0 0 0 0 0 0 0 0 0 0 0 0 224
164 28 10 2 1 1 2 1 1 6 1 5 2 0 0 0 0 0 0 0 0 0 0 0 0 0 0 0 0 224
164 28 10 6 1 5 1 1 2 2 1 1 2 0 0 0 0 0 0 0 0 0 0 0 0 0 0 0 224
164 28 10 5 6 1 2 2 1 1 1 2 1 0 0 0 0 0 0 0 0 0 0 224
164 1 28 1 10 2 1 5 1 6 1 2 2 0 0 0 0 0 0 0 0 0 0 0 0 0 0 0 0 0 224
166 26 6 5 10 2 2 1 2 1 1 1 1 0 0 0 0 0 0 0 0 0 0 0 0 0 0 0 0 0 224
163 10 29 6 2 5 1 1 2 2 1 1 1 0 0 0 0 0 0 0 0 0 0 0 0 0 0 0 0 0 0 0 0 0 0 224
164 10 6 1 28 2 2 5 2 1 1 1 1 0 0 0 0 0 0 0 0 0 0 0 224
162 30 1 5 6 10 2 2 1 1 1 2 1 0 0 0 0 0 0 0 0 0 0 0 0 0 0 0 0 0 0 0 0 0 0 224
26 166 10 5 2 6 2 2 1 1 1 1 1 0 0 0 0 0 224
165 27 2 10 6 1 1 5 2 2 1 1 1 0 0 0 0 0 0 0 0 0 0 0 0 0 0 0 0 224
165 27 2 1 1 10 5 2 6 1 1 2 1 0 0 0 0 0 0 0 0 0 0 0 0 0 0 0 0 0 0 224
165 27 10 1 6 5 1 1 1 2 2 2 1 0 0 0 0 0 0 0 0 0 0 0 0 0 0 0 0 0 0 0 0 0 0 0 0 0 0 0 0 0 0 0 0 0 0 0 0 0 0 0 0 224
166 1 26 10 5 2 1 6 2 1 2 1 1 0 0 0 0 0 0 0 0 0 0 0 0 0 0 0 0 0 0 0 0 0 0 0 0 0 0 224
165 10 27 2 2 6 1 2 5 1 1 1 1 0 0 0 0 0 0 0 0 0 0 0 224
163 10 2 29 1 2 2 6 5 1 1 1 1 0 0 0 0 0 0 0 224
165 1 27 6 10 5 2 2 2 1 1 1 1 0 0 0 0 0 0 0 0 0 224
165 2 6 1 27 10 1 1 1 2 5 1 2 0 0 0 0 0 0 0 0 0 0 0 0 0 0 0 0 0 0 0 0 0 224
166 26 2 2 10 2 5 1 6 1 1 1 1 0 0 0 0 0 0 0 0 0 0 0 0 0 0 0 0 0 0 0 0 0 0 0 0 0 0 224
164 28 1 6 1 10 2 2 5 2 1 1 1 0 0 0 0 0 0 0 0 224
163 10 29 1 5 2 6 1 1 1 2 2 1 0 0 0 0 0 0 0 0 0 0 0 0 0 0 0 0 0 0 0 0 0 0 0 0 0 0 0 0 0 0 0 224
164 28 2 5 10 1 6 1 1 1 2 1 2 0 0 0 0 0 0 0 0 0 224
166 10 26 2 6 2 5 2 1 1 1 1 1 0 0 0 0 0 0 0 0 0 0 0 0 0 0 0 0 0 0 0 0 224
165 2 27 5 6 1 10 1 1 2 1 1 2 0 0 0 0 0 0 0 0 0 0 0 0 224
166 1 6 5 10 1 26 1 2 1 1 2 2 0 0 0 0 0 0 0 0 0 0 0 0 0 224
165 2 27 10 5 6 1 1 2 2 1 1 1 0 0 0 0 0 0 0 0 0 0 0 0 0 0 0 224
163 10 6 2 29 2 5 1 2 1 1 1 1 0 0 0 0 0 0 0 0 0 0 0 0 0 0 0 0 0 0 0 0 0 0 0 0 0 0 0 0 0 0 0 224
2 165 27 1 6 10 1 2 1 5 2 1 1 0 0 0 0 0 0 0 0 0 0 0 0 0 224
166 26 10 5 6 1 1 2 2 2 1 1 1 0 0 0 0 0 0 0 0 0 0 0 0 0 0 0 0 0 0 0 0 0 224
166 26 2 5 10 2 6 1 1 1 2 1 1 0 0 0 0 0 0 0 0 0 0 0 0 0 0 0 0 0 0 0 0 0 224
166 5 26 1 1 10 2 2 6 1 2 1 1 0 0 0 0 0 0 0 0 0 0 0 0 0 0 0 0 0 224
165 2 27 1 1 10 5 2 1 6 1 1 2 0 0 0 0 0 0 0 0 0 0 0 0 0 0 0 0 0 0 0 224
165 27 2 1 10 6 5 1 1 2 1 1 2 0 0 0 0 0 0 0 0 0 0 0 0 0 0 224
164 1 2 28 10 2 1 6 5 2 1 1 1 0 0 0 0 0 0 0 0 0 0 0 224
166 10 26 2 2 6 1 1 5 1 1 1 2 0 0 0 0 0 0 0 0 0 0 0 0 0 0 0 0 0 224
164 10 28 2 5 6 1 1 1 2 1 2 1 0 0 0 0 0 0 0 0 0 224
164 28 6 10 1 2 1 1 5 2 1 2 1 0 0 0 0 0 0 0 0 0 0 0 224
165 27 1 10 1 1 6 2 2 2 5 1 1 0 0 0 0 0 0 0 0 0 0 0 0 0 0 0 0 0 0 0 0 0 0 0 0 224
167 1 25 2 1 5 10 2 6 1 1 2 1 0 0 0 0 0 0 0 0 0 0 0 0 0 224
163 1 29 1 6 10 1 2 5 2 2 1 1 0 0 0 0 0 0 0 0 0 0 0 0 0 0 0 0 0 224
163 1 5 29 10 2 1 6 2 1 2 1 1 0 0 0 0 0 0 0 224
10 164 28 2 6 2 1 1 1 5 1 2 1 0 0 0 0 0 0 0 0 0 0 0 0 0 0 0 0 0 0 0 224
2 166 26 1 5 1 10 1 6 2 2 1 1 0 0 0 0 0 0 0 0 0 0 0 0 0 0 0 0 0 0 0 0 0 0 0 224
165 27 1 10 2 1 6 5 2 2 1 1 1 0 0 0 0 0 0 0 0 0 0 0 0 0 0 0 0 0 0 0 0 0 0 0 0 224
166 5 2 10 26 1 6 2 2 1 1 1 1 0 0 0 0 0 0 0 0 0 0 224
167 10 1 1 6 25 5 2 1 1 1 2 2 0 0 0 0 0 0 0 0 0 0 0 0 0 0 0 224
166 26 2 5 10 1 2 1 6 2 1 1 1 0 0 0 0 0 0 0 0 224
163 29 10 5 6 2 2 2 1 1 1 1 1 0 0 0 0 0 0 0 0 0 0 0 0 0 0 0 0 0 0 0 0 224
1 164 5 28 1 2 10 6 2 1 2 1 1 0 0 0 0 0 0 0 0 224
168 1 5 24 2 2 10 1 6 1 1 1 2 0 0 0 0 0 0 0 0 0 0 0 0 0 0 0 0 0 0 0 0 224
165 27 6 10 5 1 1 2 1 2 2 1 1 0 0 0 0 0 0 0 0 0 0 0 0 0 0 0 0 0 0 0 0 0 0 224
164 28 2 10 1 6 1 2 1 5 1 1 2 0 0 0 0 0 0 0 0 0 0 0 0 0 0 0 0 0 224
164 28 10 1 2 2 2 5 6 1 1 1 1 0 0 224
164 10 28 6 2 1 5 1 2 2 1 1 1 0 0 0 0 0 0 0 0 0 0 0 0 0 0 0 0 224
164 1 2 2 28 1 10 5 6 1 1 1 2 0 0 0 0 0 0 0 0 0 0 0 224
165 27 6 2 1 10 1 2 1 2 5 1 1 0 0 0 0 0 0 0 0 0 0 0 0 0 0 0 224
167 25 2 5 10 6 1 1 1 2 1 1 2 0 0 0 0 0 0 0 0 0 0 0 0 0 0 0 0 0 0 0 0 0 0 0 224
166 1 26 1 10 6 1 2 5 2 2 1 1 0 0 0 0 0 0 0 0 0 0 0 0 0 0 0 0 224
168 1 10 24 5 2 1 1 2 2 6 1 1 0 0 0 0 0 0 0 0 0 0 0 0 224
164 2 28 10 2 5 1 1 1 1 6 2 1 0 0 0 0 0 0 0 0 0 0 0 0 0 0 0 0 0 0 0 0 0 0 0 0 0 0 224
165 27 10 1 5 1 2 2 1 6 1 1 2 0 0 0 0 0 0 0 0 0 0 0 0 0 0 224
164 28 1 6 10 2 2 1 1 1 1 5 2 0 0 0 0 0 0 0 0 0 0 0 0 224
165 27 6 10 2 1 2 2 1 5 1 1 1 0 0 0 0 0 0 0 0 224
165 1 2 27 6 1 2 10 1 2 5 1 1 0 0 0 0 0 0 0 0 0 0 0 0 0 0 0 224
164 28 2 2 2 6 10 5 1 1 1 1 1 0 0 0 0 0 0 0 0 0 0 0 0 224
166 26 2 10 2 2 1 5 6 1 1 1 1 0 0 0 0 0 0 0 0 224
164 28 10 1 6 5 1 2 1 1 2 2 1 0 0 0 0 0 0 0 0 0 0 0 0 0 0 0 0 0 0 0 224
164 28 1 6 2 10 1 1 2 5 2 1 1 0 0 0 0 0 0 0 0 0 0 0 0 0 0 0 0 0 0 0 0 0 0 0 0 0 0 224
161 31 2 1 6 10 5 1 1 2 2 1 1 0 0 0 0 0 0 0 0 0 0 0 0 0 0 0 0 224
166 26 1 2 10 6 1 5 1 1 1 2 2 0 0 0 0 0 0 0 0 0 0 0 0 0 224
165 10 6 27 5 1 1 2 2 2 1 1 1 0 0 0 0 0 0 0 0 0 0 0 224
167 25 10 1 1 1 6 2 2 1 2 5 1 0 0 0 0 0 0 0 0 224
165 27 1 6 5 10 2 1 1 2 1 2 1 0 0 0 0 0 0 0 0 0 0 0 0 0 0 0 0 0 0 0 0 0 0 0 0 0 0 0 0 0 0 0 0 0 224
165 27 1 2 6 5 2 10 2 1 1 1 1 0 0 0 0 0 0 0 0 0 0 0 0 0 0 0 0 0 224
165 5 10 6 27 1 1 2 2 1 1 2 1 0 0 0 0 0 0 0 0 0 0 0 0 224
166 26 10 5 1 6 2 2 2 1 1 1 1 0 0 0 0 0 0 0 0 0 0 0 0 0 0 224
165 6 27 10 5 1 2 1 1 1 2 1 2 0 0 0 0 0 0 0 224
165 27 10 1 2 2 6 1 1 5 2 1 1 0 0 0 0 0 0 0 224
163 6 29 1 5 2 10 1 1 2 1 2 1 0 0 0 0 0 0 0 0 0 0 0 0 224
165 5 27 1 10 1 2 2 6 1 2 1 1 0 0 0 0 0 0 0 0 0 0 0 0 0 0 224
165 27 2 10 1 2 5 1 6 1 1 2 1 0 0 0 0 0 0 0 0 0 0 224
165 5 27 6 1 10 1 2 2 1 1 2 1 0 0 0 0 0 0 0 0 0 0 0 224
164 6 2 28 1 1 10 5 1 1 2 2 1 0 0 0 0 0 0 0 0 0 0 0 0 0 0 224
164 28 1 6 1 1 5 10 2 2 2 1 1 0 0 0 0 0 0 0 0 0 0 0 0 0 0 0 0 0 0 0 0 0 0 0 0 224
162 2 1 30 10 1 1 1 6 2 5 1 2 0 0 0 0 0 0 0 0 224
166 6 26 5 2 10 2 1 2 1 1 1 1 0 0 0 0 0 0 0 0 0 0 0 0 0 0 0 0 0 0 0 0 0 0 0 0 0 0 0 224
164 28 10 5 6 1 1 1 1 2 2 2 1 0 0 0 224
165 2 27 1 6 10 2 2 1 5 1 1 1 0 0 0 0 0 0 0 0 0 0 0 0 0 0 0 0 0 0 0 0 0 0 0 0 0 0 224
165 27 10 2 2 6 1 2 1 5 1 1 1 0 0 0 0 0 0 0 0 0 0 0 0 0 0 0 0 0 0 0 224
167 25 6 1 1 10 1 2 5 2 1 2 1 0 0 0 0 0 0 0 0 0 0 0 0 0 0 0 224
163 29 10 5 6 2 1 1 2 2 1 1 1 0 0 0 0 0 0 0 0 0 0 0 0 0 0 0 0 0 0 0 0 0 224
163 29 1 5 6 10 2 2 2 1 1 1 1 0 0 0 0 0 0 0 0 0 0 0 0 0 0 0 0 0 0 224
166 6 26 1 2 10 2 1 1 1 2 5 1 0 0 0 0 0 0 0 0 0 0 0 0 0 0 0 0 0 0 0 224
164 2 1 6 10 28 5 1 1 1 2 2 1 0 0 0 0 0 0 224
166 26 10 2 6 5 1 2 1 1 1 1 2 0 0 0 0 0 0 0 0 0 0 0 0 224
164 28 2 2 6 1 10 2 5 1 1 1 1 0 0 0 0 0 0 0 0 224
165 10 27 1 1 6 1 2 1 1 5 2 2 0 0 0 0 0 0 0 0 0 0 0 0 0 0 0 0 0 0 0 224
164 2 28 5 10 2 1 1 1 6 2 1 1 0 0 0 0 0 0 0 0 0 0 0 0 0 0 0 0 0 0 0 0 0 0 0 224
165 27 5 6 2 2 1 10 2 1 1 1 1 0 0 0 0 0 0 0 0 0 0 0 0 0 0 0 0 0 0 0 0 0 0 0 0 0 0 0 0 0 0 224
165 27 10 6 2 1 1 1 1 5 2 2 1 0 0 0 0 0 0 0 0 0 0 0 0 0 0 224
165 2 27 6 2 5 10 2 1 1 1 1 1 0 0 0 0 0 0 0 0 0 224
163 29 2 1 2 1 10 1 2 6 1 5 1 0 0 0 0 0 0 0 0 0 0 0 0 0 0 0 0 0 0 0 0 0 0 0 0 0 0 0 0 0 0 0 0 0 0 0 224
164 28 6 10 2 5 1 1 2 2 1 1 1 0 0 0 0 0 0 0 0 0 0 0 0 0 0 0 0 0 0 0 0 0 0 0 0 224
164 28 10 1 1 5 1 6 2 2 1 2 1 0 0 0 0 0 0 0 0 0 0 0 0 0 0 0 0 0 0 0 224
169 2 23 10 2 5 1 1 6 2 1 1 1 0 0 0 0 0 0 0 0 0 0 0 0 0 0 0 0 0 224
162 30 5 10 1 6 1 2 2 1 1 2 1 0 0 0 0 0 0 0 0 0 0 0 0 0 0 0 0 0 0 0 0 0 0 224
167 10 1 25 6 2 2 5 1 1 1 2 1 0 0 0 0 0 0 0 0 0 0 0 0 0 0 224
164 28 1 5 2 6 1 2 10 1 1 2 1 0 0 0 0 0 0 0 0 0 0 0 0 0 0 0 0 0 0 224
165 27 10 5 1 1 1 2 2 2 6 1 1 0 0 0 0 0 0 0 0 0 0 0 0 0 0 0 0 0 0 0 0 0 0 0 0 0 0 0 0 0 0 0 0 0 0 0 0 0 0 0 0 0 0 0 0 0 0 0 0 0 224
163 29 1 6 10 5 1 1 1 2 2 1 2 0 0 0 0 0 0 0 0 0 0 0 0 0 224
165 10 27 1 2 5 6 2 1 1 1 2 1 0 0 0 0 0 0 0 0 0 0 0 0 0 0 0 0 0 0 0 0 0 224
166 2 2 1 26 10 6 5 2 1 1 1 1 0 0 0 0 0 0 0 0 0 0 0 0 0 0 0 224
163 2 2 29 10 1 5 2 6 1 1 1 1 0 0 0 0 0 0 0 224
167 5 2 25 10 6 1 2 1 2 1 1 1 0 0 0 0 0 0 0 0 0 0 0 0 0 0 224
165 1 27 6 2 2 10 5 1 2 1 1 1 0 0 0 0 0 0 0 0 224
161 31 10 2 1 5 6 1 1 2 1 2 1 0 0 0 0 0 0 0 0 0 0 0 0 0 224
164 28 10 2 1 5 2 2 1 1 1 1 6 0 0 0 0 0 0 0 0 0 224
163 29 2 6 1 10 1 5 1 2 1 1 2 0 0 0 0 0 0 0 0 0 0 0 0 0 0 0 224
166 1 26 5 2 2 6 1 10 1 1 1 2 0 0 0 0 0 0 0 0 0 0 0 0 0 0 224
166 1 26 1 2 1 6 10 1 5 2 2 1 0 0 0 0 0 0 0 0 0 0 0 0 0 0 0 0 0 0 0 0 0 0 0 0 224
165 27 1 5 10 2 2 6 2 1 1 1 1 0 0 0 0 0 0 224
165 27 2 5 2 1 10 6 1 2 1 1 1 0 0 0 0 0 0 0 0 0 0 0 0 0 0 224
167 5 25 1 10 1 6 2 1 1 1 2 2 0 0 0 0 0 0 0 0 0 0 0 0 0 0 0 0 0 0 224
166 26 10 1 5 6 1 1 1 2 1 2 2 0 0 0 0 0 0 0 0 0 0 0 0 0 0 0 0 0 0 0 0 224
163 29 2 1 6 10 2 5 1 1 1 1 2 0 0 0 0 0 0 0 0 0 0 0 0 0 0 0 224
165 5 27 1 6 2 10 2 1 2 1 1 1 0 0 0 0 0 0 0 0 0 0 0 0 0 0 224
166 10 26 6 5 2 2 1 1 2 1 1 1 0 0 0 0 0 0 0 0 0 0 0 0 224
28 10 164 2 5 1 2 1 6 1 1 2 1 0 0 0 0 0 0 0 0 0 0 0 0 0 0 0 0 0 0 0 0 0 0 224
162 6 10 30 2 2 5 1 1 1 1 1 2 0 0 0 0 0 0 0 0 0 0 0 0 0 0 0 0 0 0 0 224
163 29 1 10 2 1 1 2 6 5 1 2 1 0 0 0 0 0 0 0 0 0 0 0 0 0 0 0 0 0 0 224
166 26 10 6 5 1 2 1 1 2 1 1 2 0 0 0 0 0 0 0 0 0 0 0 0 0 0 0 0 0 224
165 27 10 5 2 1 2 1 2 6 1 1 1 0 0 0 0 0 0 0 0 0 0 0 0 0 0 0 0 0 0 0 0 0 0 0 0 224
167 25 6 1 2 10 5 2 1 2 1 1 1 0 0 0 0 0 0 0 0 0 0 0 0 0 0 0 0 0 0 0 224
167 1 1 25 10 2 2 6 2 5 1 1 1 0 0 0 0 0 0 0 0 0 0 0 224
163 29 2 10 2 1 6 2 1 1 1 5 1 0 0 0 0 0 0 0 0 0 0 0 224
166 26 6 10 5 1 2 1 1 2 1 2 1 0 0 0 0 0 0 0 0 0 0 0 0 0 0 0 0 0 0 0 0 0 0 224
166 6 26 10 5 1 1 2 1 1 1 2 2 0 0 0 0 0 0 0 224
163 29 2 5 6 1 10 2 1 1 1 2 1 0 0 0 0 0 0 0 0 0 0 0 0 0 0 0 0 0 0 0 224
164 28 2 10 6 2 2 5 1 1 1 1 1 0 0 0 0 0 0 0 0 0 0 0 0 0 0 0 0 224
166 5 6 26 2 10 1 1 1 2 2 1 1 0 0 0 0 0 0 0 0 0 0 0 0 0 0 0 0 0 0 224
163 29 6 10 5 2 2 2 1 1 1 1 1 0 0 0 0 0 0 0 0 0 0 0 0 224
164 28 2 2 1 10 6 5 2 1 1 1 1 0 0 0 0 0 0 0 0 0 0 224
165 27 6 1 10 5 2 1 2 1 1 2 1 0 0 0 0 0 0 0 0 0 0 224
164 28 1 1 10 2 1 6 1 5 1 2 2 0 0 0 0 0 224
164 2 28 5 10 6 2 1 1 2 1 1 1 0 0 0 0 0 0 0 0 0 224
163 29 6 10 2 1 5 2 1 2 1 1 1 0 0 0 0 0 0 0 0 0 0 224
161 5 31 6 10 1 2 2 1 2 1 1 1 0 0 0 0 0 0 0 0 0 0 0 0 0 0 0 224
165 10 1 27 1 6 1 5 1 2 2 1 2 0 0 0 0 0 0 0 0 0 0 0 0 0 0 0 0 0 0 0 224
165 27 5 10 1 2 6 2 1 1 2 1 1 0 0 0 0 0 0 0 0 0 0 0 0 0 0 0 0 0 0 224
165 6 27 2 10 2 5 1 1 1 1 2 1 0 0 0 0 0 0 0 0 224
166 10 6 26 5 1 2 2 1 2 1 1 1 0 0 0 0 0 0 224
165 27 10 6 2 5 1 1 1 2 2 1 1 0 0 0 0 0 0 0 0 0 0 0 224
167 25 5 6 2 10 1 2 1 1 2 1 1 0 0 0 0 0 0 0 0 0 0 0 224
165 27 6 10 2 5 2 1 1 1 2 1 1 0 0 0 0 0 0 0 0 0 0 0 0 0 0 0 0 0 0 0 224
164 28 1 5 10 1 6 2 1 2 2 1 1 0 0 0 0 0 0 0 0 0 0 0 0 224
164 28 6 10 2 1 2 1 1 5 1 2 1 0 0 0 0 0 0 0 0 0 0 0 0 0 0 224
162 30 10 2 2 6 1 1 1 2 1 1 5 0 0 0 0 0 0 0 0 0 0 0 0 0 0 0 0 0 0 0 0 0 0 224
164 1 28 10 2 6 2 1 5 1 1 2 1 0 0 0 0 0 0 0 0 0 0 224
165 2 27 2 5 10 1 1 1 1 6 2 1 0 0 0 0 0 0 0 0 0 0 0 0 224
165 27 6 5 10 1 1 2 1 2 1 2 1 0 0 0 0 0 0 0 0 224
165 1 27 10 1 1 2 5 6 2 2 1 1 0 0 0 0 0 0 0 0 224
164 1 2 28 6 10 5 2 2 1 1 1 1 0 0 0 0 0 0 0 0 0 0 0 0 224
164 28 10 5 6 1 1 1 2 2 2 1 1 0 0 0 0 0 0 0 0 0 0 0 0 0 0 0 0 0 0 0 0 0 0 0 0 0 0 224
168 2 24 1 6 10 2 1 1 5 1 2 1 0 0 0 0 0 0 0 0 0 0 0 0 0 0 0 0 0 0 0 0 0 0 0 0 0 224
165 6 1 1 27 10 1 5 2 1 2 2 1 0 0 0 0 0 0 0 0 0 0 0 0 0 0 0 0 0 0 0 0 0 0 0 0 224
165 2 27 10 1 2 5 6 2 1 1 1 1 0 0 0 0 0 0 0 0 0 0 0 0 0 0 0 0 0 224
27 165 1 2 10 5 6 2 1 2 1 1 1 0 0 0 0 0 0 0 0 0 0 0 0 0 0 0 224
167 25 5 6 2 2 1 10 2 1 1 1 1 0 0 0 0 0 0 0 0 0 0 0 0 0 0 0 0 0 0 0 224
164 28 6 10 5 2 2 1 1 1 2 1 1 0 0 0 0 0 0 224
164 28 10 1 5 1 6 1 2 1 2 1 2 0 0 0 0 0 0 0 0 0 0 0 0 0 0 0 0 0 224
166 26 10 1 6 1 5 2 2 1 2 1 1 0 0 0 0 0 0 0 0 0 0 0 0 0 0 0 0 0 0 0 0 224
165 6 27 5 2 10 2 1 1 1 1 2 1 0 0 0 0 0 0 0 0 224
164 2 28 10 1 6 2 1 2 1 1 1 5 0 0 0 0 0 0 0 0 0 0 0 0 224
161 31 2 10 1 6 1 2 1 5 1 2 1 0 0 0 0 0 0 0 0 0 0 0 0 0 0 0 0 0 0 0 0 0 0 0 0 0 0 0 224
165 27 2 10 5 1 6 1 1 1 1 2 2 0 0 0 0 0 0 0 0 0 0 0 0 0 0 0 0 0 0 0 224
165 27 10 6 2 5 1 2 1 2 1 1 1 0 0 0 0 0 0 0 0 0 0 0 0 0 0 224
163 6 29 10 2 1 2 5 1 1 1 2 1 0 0 0 0 0 0 0 0 0 0 0 0 0 0 0 0 0 0 0 0 0 224
166 26 2 5 1 10 2 2 6 1 1 1 1 0 0 0 0 0 0 0 0 0 0 0 0 0 0 0 224
165 27 5 6 10 2 2 1 1 1 1 2 1 0 0 0 0 0 0 0 0 0 0 0 224
165 27 10 5 1 2 6 1 1 1 2 1 2 0 0 0 0 0 0 0 0 0 0 0 0 0 224
162 10 30 5 1 6 2 2 2 1 1 1 1 0 0 0 0 0 0 0 0 0 0 224
166 26 6 2 1 10 2 1 5 2 1 1 1 0 0 0 0 0 0 0 0 0 0 224
166 6 26 2 10 1 1 5 1 2 1 1 2 0 0 0 0 0 0 0 0 0 0 0 0 0 0 0 0 0 0 0 0 0 0 0 0 0 0 224
165 27 2 2 1 10 5 6 1 2 1 1 1 0 0 0 0 0 0 0 0 0 0 0 0 0 0 0 0 0 0 0 0 0 0 0 0 0 0 0 0 0 0 0 0 224
5 169 2 10 23 6 2 1 2 1 1 1 1 0 0 0 0 0 0 0 0 0 0 224
164 28 6 10 1 2 1 1 1 5 1 2 2 0 0 0 0 0 0 0 0 0 0 0 0 0 0 0 0 224
162 30 1 6 2 1 5 10 2 1 1 1 2 0 0 0 0 0 0 0 0 0 0 0 0 0 0 0 0 224
1 165 10 27 1 1 2 6 5 2 1 1 2 0 0 0 0 0 0 0 0 0 0 0 0 0 0 0 0 0 0 0 0 0 0 0 0 224
166 10 26 1 2 5 2 2 1 6 1 1 1 0 0 0 0 0 0 0 0 0 0 0 0 0 0 0 0 0 0 0 0 0 0 0 0 0 0 0 0 0 0 0 0 0 224
164 28 6 1 5 10 1 2 1 2 1 2 1 0 0 0 0 0 0 0 0 0 0 0 0 0 0 0 0 0 0 0 0 0 0 0 0 224
162 6 30 10 1 1 5 2 1 2 2 1 1 0 0 0 0 0 0 0 0 0 0 0 224
164 28 2 10 5 2 2 1 1 6 1 1 1 0 0 0 0 0 0 0 0 0 0 0 0 0 0 0 0 224
166 5 1 26 10 2 6 1 2 1 1 1 2 0 0 0 0 0 0 0 0 0 0 0 0 224
165 27 10 5 6 1 1 2 1 1 2 1 2 0 0 0 0 0 0 0 0 0 0 0 0 0 0 0 0 0 0 224
166 26 2 2 5 6 1 1 2 1 10 1 1 0 0 0 0 0 0 0 0 0 0 0 0 0 0 0 0 0 0 0 0 0 0 0 0 0 0 0 0 0 224
164 28 2 10 1 6 2 5 1 1 1 2 1 0 0 0 0 0 0 0 224
166 26 1 6 1 10 1 1 5 2 1 2 2 0 0 0 0 0 0 0 0 0 0 0 0 0 0 0 0 0 0 0 0 0 0 0 0 0 0 0 0 0 0 0 0 224
164 28 2 6 1 2 10 5 1 1 1 2 1 0 0 0 0 0 0 0 0 0 0 0 0 0 0 0 0 224
164 28 10 6 1 5 2 1 1 1 2 1 2 0 0 0 0 0 0 0 224
164 10 1 28 2 1 2 5 2 1 1 6 1 0 0 0 0 0 0 224
165 10 27 1 1 1 2 6 2 5 1 1 2 0 0 0 0 0 0 0 0 0 0 0 0 0 0 0 0 0 224
163 29 1 10 5 2 1 1 6 2 1 1 2 0 0 0 0 0 0 0 0 0 0 0 224
163 10 29 6 1 2 1 2 5 2 1 1 1 0 0 0 0 0 0 0 0 224
165 27 10 2 1 6 5 1 1 2 1 2 1 0 0 0 0 0 0 0 0 0 0 0 0 0 0 0 0 0 0 0 0 0 0 0 224
