224
12
logit-Dice_ET
logit-Dice_TC
logit-Dice_WT
log-Hausdorff95_ET
log-Hausdorff95_TC
log-Hausdorff95_WT
logit-Sensitivity_ET
logit-Sensitivity_TC
logit-Sensitivity_WT
logit-Specificity_ET
logit-Specificity_TC
logit-Specificity_WT
0
0 0.7338909 1.160786 1.634346 2.021526 2.402011 0.5493063 0.4783435 0.9111422 2.104244 4.348675 4.39904 3.54123
0 0.7033186 1.135538 1.141731 1.151293 1.282475 1.732868 0.4122695 0.8267888 0.8406591 4.234097 4.571287 4.238882
0 1.258362 1.648664 1.801799 0.3465739 0.3465739 0 1.055522 1.413656 1.911533 4.466288 4.797967 3.56131
0 0.6547904 1.292454 1.01075 0.5493063 0.804719 1.956012 0.719004 1.278932 1.46326 3.807254 4.121547 3.312131
0 0.8248888 1.768038 1.526304 0.804719 0 0.3465739 1.305405 1.504644 1.585911 4.363876 5.934797 4.121547
0 1.297066 1.40027 1.724177 0 0 0.3465739 0.9957607 1.100721 1.54544 5.58822 5.625274 4.419316
0 0.6742888 0.4500961 1.601087 2.292484 2.445175 0.6931472 1.065321 1.224621 1.416974 4.729362 4.409075 4.093806
0 1.595814 2.091619 0.7604365 0 0 2.271647 1.267828 1.771925 0.4542106 6.103034 6.358448 4.345689
0 0.9937293 1.871081 1.808724 0.3465739 0 0 0.754544 1.727502 2.173863 4.389202 4.600145 3.460942
0 0.8807403 1.566517 1.367888 0.804719 0.804719 1.198948 0.6193453 1.315474 1.134883 4.144903 4.395739 3.791277
0 0.5044428 1.294798 1.285942 0.804719 0.5493063 1.039721 1.281176 1.302245 1.211103 3.766354 4.501602 4.505684
0 1.392894 1.324133 1.678803 0 0.804719 0.3465739 1.281364 1.05771 1.657059 4.261003 4.45505 3.746194
0 1.021168 0.9432196 1.121062 0.8958798 1.416607 1.151293 0.9359501 0.6443409 1.333977 4.05405 4.580723 3.384293
0 1.304276 1.505896 1.7955 0 0 0 1.206757 1.385108 2.388977 4.722992 4.895051 4.150917
0 1.155317 1.423255 1.176094 0.3465739 0.3465739 0.8958798 1.764342 1.908058 1.750285 3.938798 4.076131 3.296884
0 1.039969 1.235795 1.188883 1.098612 1.748254 1.748254 0.7837958 0.9517006 1.104501 3.978614 4.133089 3.397548
0 0.5443053 0.6105299 0.9100828 1.748254 1.956012 1.732868 1.771357 1.813239 1.510829 3.510576 3.522499 3.027417
0 2.078736 2.481455 2.126467 0 0 0 1.986731 2.614907 1.930205 5.259823 5.207142 5.207142
0 1.731068 1.895031 1.753424 0 0 0 2.079099 1.975539 1.93518 4.530902 4.704355 4.18212
0 3.098354 1.642347 1.781237 -1.622072 0 0.3465739 4.184535 1.629245 1.956424 13.65964 4.704355 4.501602
0 1.753743 2.085605 2.075418 0 0 0 1.62422 1.845097 2.241827 4.674758 5.224093 4.000522
0 1.600555 1.910841 1.221595 0 0 0.804719 1.301146 1.61088 1.536321 5.409879 5.665296 3.574521
0 1.53812 1.817734 2.256294 0 0.5493063 0 1.211397 1.517038 2.478562 5.934797 5.665296 4.231721
0 1.71046 2.25346 2.189485 0 0 0 1.414918 1.917949 3.019979 5.339997 6.214606 3.846281
0 1.559479 1.787084 1.947392 0 0 0 1.405431 1.626015 1.999949 5.130064 5.190746 4.039314
0 1.696992 2.272624 1.523144 0 0 0.5493063 1.442042 1.979143 1.761767 5.409879 5.868031 3.65229
0 -1.238803 -0.7290405 -0.3989077 2.28941 2.158744 3.181772 -1.58538 -1.075611 -0.7427304 13.65964 14.22934 6.103034
0 0.9471146 1.036545 1.008165 1.319529 1.609438 1.151293 0.6579057 0.7440602 1.385424 5.050949 5.115978 3.415785
0 3.098354 3.621856 0.8673397 -1.622072 -1.116559 1.8806 4.184535 5.085827 0.6813495 13.65964 14.22934 4.447696
0 1.501828 2.181655 1.781852 0 0 0 1.15525 1.887746 3.938798 13.65964 6.907755 4.217698
0 1.302128 1.805045 2.199143 0 0 0 1.239182 1.751218 2.371746 4.636061 4.972131 4.497552
0 0.698527 0.893398 1.437226 1.098612 1.319529 1.386294 1.429071 1.636218 1.612333 3.712337 3.824808 3.841912
0 1.065764 1.320918 0.9724296 0 0.3465739 1.94591 1.562757 3.220271 0.8885484 4.405708 4.28944 3.70899
0 1.938087 2.256713 1.3414 0 0 0.3465739 1.733924 2.13932 1.462277 6.358448 6.358448 4.236484
0 1.099875 1.610812 1.293345 0 0.3465739 1.039721 1.267961 1.581912 1.096748 3.994586 4.39904 4.031311
0 1.833054 2.177005 2.201481 0 0 0 1.848749 2.021596 2.577533 4.20182 4.692305 4.05906
0 0.1614852 1.193678 1.044304 0.6931472 0.8958798 1.098612 0.2169258 1.108349 0.886958 3.54123 3.948122 3.641245
0 1.918433 2.416927 2.146338 0 0 0 1.780585 2.238621 2.297005 5.756458 6.214606 5.339997
0 2.078044 1.955462 1.902794 0 0 0 2.234543 2.322981 1.807371 4.755686 4.5098 4.458768
0 1.270407 1.605525 1.628881 0.5493063 0.3465739 0 1.082439 1.338236 1.777929 4.820529 5.385484 4.345689
0 0.9125585 1.336512 1.246276 0 0.3465739 1.282475 0.8562065 1.368072 1.538714 4.692305 4.692305 3.699083
0 1.336305 1.524612 1.803896 0 1.098612 0.3465739 1.370245 1.361109 1.908913 4.217698 4.284148 3.681414
0 1.661121 2.117043 1.961446 0 0.3465739 0.3465739 1.716053 2.52189 2.274696 4.302921 4.333922 3.704012
0 1.266712 1.319486 1.467826 0.3465739 0.5493063 0.3465739 2.243823 1.167143 1.707548 4.117758 4.54845 3.81338
0 0.8219024 0.8316407 1.619365 3.418452 3.418452 0 0.8325035 0.8496948 2.07604 5.868031 5.868031 4.042551
0 1.605069 1.793989 1.914647 0 0.3465739 0 1.600861 2.17137 2.596011 4.3547 4.125365 3.662824
0 0.9973382 1.510197 2.18655 0.3465739 0.6931472 0 0.8185465 1.585186 2.013804 4.544005 4.273729 4.505684
0 1.883586 2.187201 1.95541 0 0 0 1.835424 2.229965 2.369764 5.004402 5.102278 4.325275
0 1.511981 1.938816 1.490377 0 0 1.522261 1.353769 1.744845 1.181831 4.294789 4.630769 4.311187
0 1.067903 1.776505 1.363178 0.2862092 0 1.151293 1.026434 1.780157 1.92744 4.530902 4.913236 3.77962
0 1.378603 1.753477 1.525782 0 0 0.804719 1.16628 1.532151 1.479467 4.692305 4.868957 3.642703
0 0.7068027 1.411065 0.9653641 0.804719 0.3465739 1.098612 0.8595466 1.07123 0.6308279 4.25352 6.561181 5.58822
0 0.1044381 0.6299271 1.830367 2.063567 1.609438 0 -0.2350554 0.3756916 1.640025 5.385484 4.348675 4.236484
0 1.217543 1.492403 1.572143 0 0.3465739 0.3465739 0.9263978 1.17339 1.385153 5.063296 5.521453 3.894615
0 1.333746 1.835114 1.478422 0 0 0.6931472 1.168728 1.536734 1.366849 4.52661 5.318716 3.741723
0 1.03656 1.303713 1.019478 0.3465739 0.804719 1.445186 0.8258364 0.9979978 0.7386123 4.735814 5.409879 4.370088
0 0.6840376 0.2102983 1.180357 1.683648 2.138333 1.386294 0.9779935 1.137907 1.939319 4.501602 3.887418 3.184482
0 1.284768 1.428224 0.9591735 0 0.3465739 1.609438 1.956632 2.219498 0.6454131 4.769386 4.836156 4.535232
0 1.29536 1.728463 1.413836 0 0 0.804719 1.019155 1.528561 1.585665 4.895051 4.790668 3.338487
0 0.5845077 1.195875 0.1465931 0.804719 0.5493063 2.414157 0.2581026 0.8879909 -0.1886402 5.435526 5.409879 4.646815
0 1.226668 1.659412 1.722138 0 0 0 1.174338 1.702429 1.857271 4.77638 4.836156 4.25352
0 1.467753 1.834867 1.8614 0 0.3465739 0 1.23779 1.541834 1.659131 4.440449 4.932107 4.300195
0 1.340307 1.696913 1.72299 0 0.3465739 0.3465739 1.137043 1.417862 1.570316 4.234097 4.663393 3.934854
0 1.469259 1.550282 1.71144 0.2219653 0.8958798 0 1.788443 2.200519 2.322238 4.351678 4.297485 3.569447
0 1.73083 1.700696 1.76882 0 0 0 1.558272 1.745019 2.803313 5.385484 5.015638 3.621957
0 1.886538 2.128714 1.541798 0 0 0.804719 1.887723 2.175252 1.392209 4.982658 5.027134 4.251051
0 1.607421 2.313149 1.602754 0 0 0 1.553774 2.178284 2.50627 5.553723 6.011873 4.144903
0 1.784771 1.968218 1.845791 0 0 0 1.778634 2.260739 2.205051 4.566636 4.373224 3.803212
0 1.162275 1.462432 1.962077 1.098612 0.3465739 0 0.8380409 1.203576 2.292184 5.409879 5.004402 4.150917
0 0.8148699 1.086328 1.131318 0.3465739 0.3465739 0.5493063 0.8457412 1.122059 1.038998 4.680539 4.836156 4.590339
0 0.9410188 1.361593 1.320644 0.804719 1.048779 0.804719 0.7001422 1.143813 1.031162 4.585508 4.585508 4.790668
0 1.055823 1.721972 1.261729 0 0.5493063 1.319529 0.9397862 1.591951 1.179095 4.003518 4.22466 3.591375
0 1.297043 2.16152 1.684321 0 0 0.3465739 1.13516 1.863705 1.405282 4.580723 5.409879 4.402363
0 1.107334 1.163212 0.8276089 0 0.2705308 1.629048 0.7930263 0.8459924 1.426291 6.358448 6.358448 3.29142
0 1.488661 1.708945 1.651945 0 0 0 1.325885 1.643181 1.508936 5.207142 5.207142 4.142915
0 1.287772 1.906423 1.646632 0 0 0.3465739 1.098812 1.735119 1.420111 4.535232 4.805375 4.281523
0 0.4866983 0.4976107 1.041658 1.039721 1.039721 1.282475 0.4468594 0.4727939 0.7260356 5.027134 5.004402 4.783473
0 1.307062 1.538536 1.031852 0 0 0.8958798 0.9962151 1.225804 0.7304098 6.011873 6.214606 5.027134
0 1.782749 2.389521 1.98045 0 0 0 2.645348 2.9409 2.04468 4.742351 5.318716 4.55746
0 1.061518 1.289037 1.901738 1.416607 1.416607 0.3465739 0.7668876 0.9493574 1.950703 4.3547 5.49114 3.730283
0 2.002617 2.129914 2.146037 0 0 0 2.11754 2.26508 2.323406 4.852288 4.922583 4.692305
0 1.859255 2.012904 2.151931 0 0 0 1.589313 1.813021 1.961419 5.115978 4.913236 4.297485
0 1.861443 2.091011 1.640211 0 0 0.6931472 1.620619 2.015318 1.389941 4.904061 4.698293 4.032902
0 0.7477187 1.743802 2.268552 1.098612 0.5493063 0 0.4376155 1.534656 2.062449 4.544005 4.366973 4.657805
0 0.9919439 0.9454276 1.116494 0.3465739 1.683648 1.522261 0.7650878 0.6320701 0.8090647 4.215399 4.590339 4.436864
0 0.8188436 1.176258 1.014196 0.3465739 0.6931472 1.84444 1.737414 1.040289 1.343021 3.699083 4.363876 2.927737
0 0.7297036 0.7930298 1.011675 1.098612 0.8958798 0.8958798 0.4157784 0.4596734 0.7220734 6.011873 6.561181 5.49114
0 1.044518 1.398578 1.151523 0.3465739 0.8958798 1.098612 1.091871 1.479531 1.520634 3.988719 4.144903 3.411623
0 0.9194138 1.299111 1.390132 0.6931472 1.098612 1.47222 0.9637525 1.39283 1.669186 4.009562 4.167316 3.496197
0 1.059849 1.412671 1.012825 0.6931472 0.6931472 1.198948 1.29093 1.580116 0.9593169 3.970112 4.195167 3.618465
0 0.709463 0.8765604 1.059306 1.282475 1.903331 2.138333 1.448733 1.729087 1.765517 3.16468 3.202664 3.257793
0 0.7246478 0.7965008 0.8135064 1.151293 0.804719 0.8958798 0.4271992 0.4521223 0.7252943 5.625274 6.907755 4.05906
0 0.7920698 1.018787 0.9133494 1.039721 0.804719 1.151293 0.7005803 0.7896981 0.8050598 4.544005 5.015638 4.258497
0 1.018508 1.173811 0.5559469 0.804719 0.3465739 1.818793 0.9682494 1.003797 0.3398237 4.812895 5.130064 4.481676
0 0.7372487 1.070719 1.161684 0.8958798 1.386294 1.683648 0.9531771 1.522198 0.9379132 3.660548 3.621256 3.804219
0 1.054299 1.655025 1.277061 0.804719 0 1.198948 1.365619 1.53606 1.048047 3.927059 4.704355 3.843001
0 0.60476 0.675861 0.5903426 1.098612 1.151293 1.151293 0.4329335 0.4851593 0.4116986 4.941817 5.004402 4.762489
0 0.7420763 1.330977 0.9054806 0.3465739 0.3465739 1.868835 1.580872 2.546015 0.6875193 3.918115 3.994586 3.420918
0 1.31322 1.382276 0.9388599 0.3465739 0.3465739 3.863029 2.327996 1.628376 0.6984358 4.113997 4.300195 3.624768
0 1.024107 1.571248 1.263186 0 0 0.804719 1.426834 1.438999 2.09685 4.351678 5.050949 3.839742
0 0.7984655 1.102983 1.041739 0.5493063 0.5493063 0.804719 0.7624333 0.9453442 1.1632 4.405708 4.769386 3.581582
0 -0.02801733 1.383282 1.177697 1.198948 1.445186 1.683648 1.05158 1.543197 1.113989 2.790854 3.564424 3.340081
0 0.8486967 1.222731 1.038568 0 0 1.198948 0.8609406 1.244697 2.00854 5.241639 5.409879 3.270836
0 0.6717776 1.399558 1.33576 0.6931472 0.804719 0.6931472 0.4528733 1.126901 2.596921 4.382749 4.941817 3.166654
0 1.069652 1.656912 1.304136 0 0.3465739 0.3465739 0.964199 1.525063 1.74713 4.102883 4.409075 3.304636
0 0.8090285 1.515726 1.230154 0.6931472 0.3465739 1.522261 3.000532 2.030466 1.097131 3.292872 3.831154 3.414857
0 0.8887828 1.168292 1.271597 0 0 0.804719 0.9588601 1.18178 1.39304 4.828282 4.932107 3.668175
0 -0.05107035 0.4212061 0.222471 1.098612 1.151293 2.038769 0.003710017 0.4726575 0.08467982 4.297485 4.462514 4.049089
0 0.7197106 0.8876236 0.8349969 0.5493063 0.6931472 1.609438 1.717638 0.6115283 1.01122 4.395739 5.362223 3.026561
0 -0.03461382 0.2377697 0.8005712 2.197225 2.191013 1.445186 -0.3250323 -0.1062359 0.5937398 4.470091 5.625274 3.954891
0 1.105657 1.618965 1.094173 0.3465739 0.3465739 1.914321 1.04436 1.545452 1.269212 3.880323 4.142915 2.962253
0 0.65402 0.7769143 0.3264307 0.3465739 1.76318 2.885721 0.9530084 0.5905986 0.005862067 4.026571 4.248593 4.173607
0 0.9143886 1.451059 1.292876 0.3465739 0.3465739 0.804719 0.9476295 1.355033 1.113631 3.619161 4.060741 3.874486
0 1.128071 1.564908 1.419066 0.6931472 0.5493063 1.242453 1.067047 1.593945 1.619034 3.624768 3.798204 3.273276
0 -0.8462818 -0.4925828 -0.4681261 3.337912 3.364912 3.350366 -1.061984 -0.729243 -0.7052665 3.472247 3.291058 3.039551
0 1.406788 1.495831 1.472936 0 1.098612 0.804719 1.206803 1.289265 1.165295 4.217698 4.173607 4.39904
0 1.256809 1.379878 1.589796 0.3465739 0.5493063 0.6931472 1.145147 1.086759 1.483083 3.996063 4.698293 3.662064
0 1.769112 1.384154 0.9968641 1.098612 0 1.098612 1.751729 1.056452 1.438285 5.49114 6.358448 3.882677
0 1.505974 1.573761 1.339633 0 0 0.5493063 1.754752 1.838656 2.628587 4.600145 4.636061 3.594682
0 0.8641194 1.346539 1.422657 0.5493063 0.8958798 1.098612 0.6746617 1.117358 1.501473 3.821665 4.215399 3.402045
0 1.532327 1.867951 1.532362 0 0 0.3465739 1.585976 1.849406 1.368255 4.144903 4.336838 4.09022
0 1.585574 1.716465 1.217672 0 0 0.804719 1.459966 1.47202 2.531963 5.015638 5.278694 3.772943
0 1.380182 1.336935 1.062126 0.3465739 0.5493063 0.8958798 1.129272 1.014508 2.56404 4.674758 5.259823 3.047064
0 1.076137 0.8950682 1.300516 1.098612 1.609438 1.151293 0.8111787 0.5935305 1.329602 4.797967 4.812895 3.336501
0 0.8441824 1.455362 1.705782 0 0.3465739 0.3465739 0.9410755 1.307014 1.478625 4.248593 4.575983 4.552935
0 0.8599385 1.227168 1.473168 0.804719 1.198948 0.804719 0.6318314 1.070533 1.660987 3.915589 3.856252 3.218388
0 1.10582 1.487632 1.554384 0.3465739 0.3465739 0.3465739 0.9162951 1.247723 1.251773 4.35774 4.742351 4.669043
0 0.7390585 1.296827 1.335677 0.3465739 0.6931472 1.098612 0.7277909 1.149927 1.280966 3.963136 4.389202 3.956256
0 0.7091921 1.156708 1.635891 0.804719 1.282475 0.3465739 0.8069567 1.615865 1.535033 3.791277 3.769167 4.131146
0 1.234876 1.565731 1.689881 0.3465739 0.3465739 0.3465739 0.9876909 1.366604 1.429402 4.686387 4.698293 4.769386
0 1.283233 1.565843 1.058659 0 0.3465739 1.151293 1.618498 1.347956 0.7157374 4.379554 5.027134 5.49114
0 0.9575186 1.594037 1.632621 1.319529 0.3465739 0.5493063 0.7019625 1.530581 1.660645 3.978614 3.997545 3.831154
0 0.4457194 0.9151061 0.6726312 1.319529 1.151293 3.081763 0.244093 0.8217256 0.5332376 3.714019 3.731153 3.037362
0 1.085473 1.029845 1.473906 0.5493063 0.6931472 0.3465739 0.7672714 0.7052697 1.172795 5.49114 5.49114 4.895051
0 1.094923 1.423351 1.017612 0.3465739 0.3465739 1.319529 0.8863213 1.249118 1.868699 4.012612 4.102883 2.880993
0 1.061706 0.627624 1.007818 0.6931472 3.853913 3.291013 0.9241144 0.3378023 0.7806123 4.19078 4.184271 3.791277
0 1.13799 1.306543 1.723625 0.804719 1.039721 0 0.8099633 0.9801342 1.654041 5.115978 5.115978 4.050737
0 0.4267337 0.7828299 1.307667 0.8958798 0.804719 1.039721 0.09834382 0.4620997 1.590944 5.144558 5.130064 3.550258
0 3.098354 0.8991916 1.381085 -1.622072 1.47222 0.804719 4.184535 0.5882391 1.059703 13.65964 4.552935 4.790668
0 3.098354 0.1343587 0.7661583 -1.622072 1.931381 1.683648 4.184535 -0.2122133 0.6295815 13.65964 14.22934 3.506108
0 3.098354 -0.546284 1.460821 -1.622072 3.19095 1.151293 4.184535 -0.8918413 1.260254 13.65964 6.103034 4.481676
0 -0.2292768 0.68482 1.825521 1.453373 1.497866 0 -0.4052593 3.415785 1.902207 5.241639 3.479576 4.370088
0 0.8433778 0.5010901 1.400918 0.3465739 1.956012 0.5493063 0.513145 0.2156038 2.095316 6.907755 4.271158 3.712337
0 0.6676046 -0.2356175 0.6077963 2.491803 2.793998 1.748254 0.4432249 -0.582042 0.5271663 4.481676 6.907755 3.25915
0 3.098354 1.224553 1.432031 -1.622072 0.804719 0.3465739 4.184535 0.9379262 1.209202 13.65964 4.982658 4.704355
0 0.700738 0.707289 1.75353 1.522261 1.985146 0.5493063 0.4348373 0.3721055 1.586416 5.088943 4.513949 3.97293
0 0.4944029 1.064605 0.2927762 1.242453 1.589027 3.645146 0.1557144 0.8389226 1.022173 5.318716 4.210831 2.463154
0 3.098354 1.214324 1.254433 -1.622072 1.445186 1.445186 4.184535 0.9147661 0.9472334 13.65964 4.60512 4.539599
0 -0.668008 0.636439 1.459606 2.441211 2.244318 0.6931472 -0.978058 0.3247616 1.812052 5.708802 4.238882 3.48222
0 3.098354 0.4522808 1.447221 -1.622072 2.402011 1.039721 4.184535 0.1636802 1.147013 13.65964 3.383421 4.119649
0 0.4580358 0.7848611 0.925089 0.804719 0.804719 1.098612 0.2290429 0.4765919 1.684103 5.362223 6.011873 4.039314
0 -3.286378 1.442032 1.499755 5.921923 0.6931472 0.804719 -3.30221 1.546909 1.208304 13.65964 3.91433 4.571287
0 3.098354 0.445271 1.145021 -1.622072 2.692248 1.856786 4.184535 0.1058536 0.8169968 13.65964 4.636061 4.325275
0 0.3763805 0.6904858 1.310018 1.94591 2.406092 2.35024 0.04493823 0.3713866 1.011927 4.258497 3.929644 3.950819
0 1.20489 1.439356 0.9258816 0 0 0.804719 1.089523 1.301972 0.9597515 5.318716 5.362223 4.281523
0 -3.286378 -1.080116 1.010498 5.921923 2.924662 1.497866 -3.30221 -1.410885 1.027839 13.65964 4.729362 3.420449
0 3.098354 -1.04794 1.328254 -1.622072 3.319938 0.8958798 4.184535 -1.394514 1.008459 13.65964 14.22934 5.278694
0 -3.286378 -1.038427 1.422484 5.921923 2.784172 0.5493063 -3.30221 -1.385 1.211049 13.65964 14.22934 4.692305
0 3.098354 -0.42804 1.406647 -1.622072 2.838976 0.5493063 4.184535 -0.7654228 1.150193 13.65964 5.015638 4.65228
0 -3.286378 0.9014394 1.494405 5.921923 1.098612 0.3465739 -3.30221 1.180661 1.470401 13.65964 4.104718 4.485598
0 -2.408129 -3.63258 1.096771 4.29742 3.824477 3.557385 -2.577095 -3.97293 1.569336 4.951719 4.922583 3.318591
0 3.098354 0.8235104 1.703313 -1.622072 1.098612 0 4.184535 1.961314 1.538429 13.65964 3.978614 4.674758
0 3.098354 -2.971936 1.307833 -1.622072 3.181514 0.5493063 4.184535 -3.318591 0.9995569 13.65964 14.22934 5.241639
0 3.098354 -4.672501 -0.2828427 -1.622072 5.921923 1.94591 4.184535 -5.012947 -0.6202556 13.65964 14.22934 6.103034
0 3.098354 0.7148097 1.830879 -1.622072 1.875323 0 4.184535 1.318129 2.230275 13.65964 3.197831 3.7498
0 1.048073 0.2357485 1.460409 1.416607 2.29756 0.5493063 0.780431 -0.1019821 1.427184 4.941817 5.075955 3.722513
0 0.5692415 0.4866556 1.494558 1.039721 2.797356 1.098612 1.346472 0.1568743 1.448632 3.229472 4.086661 3.350978
0 3.098354 -4.672501 1.518833 -1.622072 5.921923 0.3465739 4.184535 -5.012947 2.122828 13.65964 14.22934 4.241292
0 0.510381 0.1772471 1.597901 1.039721 2.573747 0.804719 0.1680153 -0.1665696 1.678004 6.011873 5.115978 3.715706
0 -0.09942028 0.4542717 1.371951 2.602003 2.752666 1.965913 -0.4268292 0.11343 1.151662 4.820529 4.493536 3.566929
0 -3.286378 0.4249162 1.279149 5.921923 2.437599 1.497866 -3.30221 0.109619 0.9398558 13.65964 3.766354 4.844157
0 0.5511345 0.4578937 1.09568 1.098612 1.818793 0.804719 0.2184959 0.1178019 1.164083 5.521453 5.49114 3.91685
0 -0.3659589 -1.784696 0.5875288 2.986394 3.593261 2.463627 -0.7125318 -2.131263 0.2687249 13.65964 14.22934 4.050737
0 1.076528 1.272812 1.292968 1.039721 1.319529 1.522261 0.9914267 1.371651 1.042949 3.439069 3.323588 3.505552
0 -0.276784 -0.2628893 0.9550394 2.893449 3.140198 2.385342 -0.5912889 -0.6093225 0.6227329 4.590339 5.868031 4.140934
0 0.7117771 -0.06705834 0.8950152 1.242453 2.567899 1.497866 0.3823101 -0.4136317 0.5516636 5.708802 14.22934 5.102278
0 1.225359 0.3997675 1.48681 0.6931472 2.505318 0.804719 1.207354 0.06647776 1.357827 4.620351 5.159485 3.831154
0 1.162534 1.271523 1.301505 0.5493063 0.6931472 0.6931472 1.606465 1.171067 1.544 4.234097 4.625533 3.898253
0 0.9421009 0.9902244 1.043305 0.804719 1.282475 1.282475 1.010508 0.7070665 1.928944 4.462514 5.159485 3.070068
0 0.937987 0.5170345 1.465211 0.6931472 2.376795 0.804719 1.164287 0.2155368 1.29543 4.021874 4.433305 3.76729
0 1.145794 1.09651 1.239917 0 1.609438 0.804719 2.543058 0.8879223 1.348903 4.297485 4.657805 3.501679
0 1.243582 0.8153847 1.093538 0.6931472 1.683648 1.098612 1.341166 0.5608853 2.123834 4.595218 4.729362 3.355486
0 0.7947296 1.204143 1.270681 0.6931472 0.804719 0.8958798 1.993955 1.474815 1.430573 3.565675 3.913075 3.203272
0 0.8790319 0.261714 1.042975 0.6931472 3.235554 1.629048 1.821925 -0.06069442 0.9520285 3.864148 4.539599 3.421857
0 0.6080089 0.03446164 1.055014 0.804719 4.489311 1.098612 0.587945 -0.2816181 1.631691 4.35774 4.585508 3.364626
0 0.8012589 1.277487 1.055143 1.039721 1.386294 1.609438 1.862464 1.368956 0.8218251 3.211854 3.748896 3.768228
0 0.9953208 1.238929 1.566992 0.3465739 1.522261 0.3465739 0.7841355 1.014211 1.659576 4.742351 4.860553 3.756173
0 0.8609679 1.219518 1.385307 0.3465739 0.8958798 0.5493063 1.400687 0.9235107 1.576465 3.780581 4.904061 3.708157
0 1.193983 1.648489 1.674453 0 0 0 1.194918 2.135662 1.818473 4.311187 4.316774 3.777703
0 0.8863052 1.718449 1.719145 0.3465739 0 0 0.6711746 2.022926 1.668824 4.820529 4.797967 4.45136
0 1.040425 1.703635 1.355136 0.3465739 0 0.5493063 1.072865 1.699112 1.61858 4.009562 4.39246 3.287451
0 1.273339 1.114462 1.009241 0 1.445186 1.319529 1.151015 0.7965934 2.169558 4.797967 5.435526 3.466049
0 0.7346896 0.5134231 0.981434 1.464186 2.762727 2.381087 1.667587 0.2379325 1.162263 3.785414 4.322425 3.227554
0 -3.286378 -0.6245182 1.48628 5.921923 2.197225 0.3465739 -3.30221 -0.9508995 1.561307 13.65964 6.011873 3.978614
0 -3.286378 0.06132074 1.312633 5.921923 2.165367 1.039721 -3.30221 -0.2848934 1.094873 13.65964 6.907755 3.827971
0 1.10743 1.206962 0.9296014 1.151293 0.804719 1.545521 1.20738 1.070018 1.311189 4.167316 4.505684 3.204184
0 -0.9125209 -0.4663038 0.6289053 3.162179 3.15195 1.985146 -1.258876 -0.811542 0.4231728 6.907755 5.49114 3.367991
0 1.583482 1.693899 1.354879 0.3465739 0.3465739 1.098612 1.343063 1.411508 1.159491 4.71049 4.993412 4.062428
0 1.739598 2.234587 2.036324 0 0 0 1.773319 2.223676 2.14924 4.552935 4.932107 3.786387
0 1.871634 2.133091 1.683824 0 0 0 1.7749 2.074305 1.354708 4.686387 4.748974 5.088943
0 2.220105 2.356042 1.809411 0 0 0 2.367673 2.651906 1.647473 5.362223 5.385484 4.735814
0 0.9624237 1.27282 1.313841 0.3465739 0 0.5493063 0.938026 1.2481 1.462722 4.585508 4.812895 3.587435
0 1.046925 1.474699 2.001821 1.098612 0.6931472 0 0.8839447 2.088351 2.021124 4.311187 3.938798 3.918115
0 0.9111463 0.981397 1.453079 0 0 0.804719 0.564575 0.6348226 1.819354 13.65964 14.22934 4.308416
0 -0.3359646 -1.054869 1.222221 2.728087 2.76083 0.8958798 0.1554256 0.8681638 2.03212 4.982658 3.974345 3.734652
0 1.194671 1.554238 2.124987 0.3465739 0.3465739 0 1.144088 1.796554 2.346113 4.493536 4.466288 3.791277
0 0.7952413 1.250065 1.831104 1.098612 0.804719 0.3465739 0.4855232 1.078941 1.630129 4.852288 4.429771 4.366973
0 -0.004630033 -1.085011 0.9158243 1.101313 2.500459 3.571809 -0.3178571 0.2158908 0.6216359 6.358448 3.612928 3.952172
0 1.430388 1.765282 1.823356 0.5493063 0 0 1.348657 1.466564 1.683886 4.363876 5.409879 4.251051
0 0.9975279 1.466116 2.272143 0.6931472 0.3465739 0 0.6944607 1.197962 2.699472 4.913236 4.922583 3.996063
0 0.6543753 1.283158 1.59716 0.6931472 0.804719 0.6931472 0.3306693 0.9516254 2.590315 4.877505 5.339997 3.26668
0 1.850723 2.024704 1.676761 0 0 0.6931472 2.155018 2.675182 2.191123 4.097417 4.097417 3.634014
0 0.9864255 0.9921604 -0.5343169 0 0 3.691995 0.7280811 0.7389726 1.884583 6.561181 6.358448 2.680098
0 1.676409 2.144499 2.239297 0 0 0 1.624261 2.353612 1.987145 4.595218 4.489551 5.038899
0 1.930676 2.054462 1.929785 0 0 0 3.45942 4.04581 1.793779 5.038899 5.115978 4.972131
0 1.712864 1.992697 1.788934 0 0 0 1.491313 1.882568 1.477168 5.298305 5.224093 5.241639
0 1.439674 1.505974 1.426592 0 0 2.874696 1.097347 1.160952 1.123885 13.65964 14.22934 4.797967
0 3.098354 3.621856 0.9173808 -1.622072 -1.116559 2.641602 4.184535 5.085827 0.6296367 13.65964 14.22934 4.184271
0 1.748477 2.35911 1.584566 0 0 0 1.786086 2.697245 4.086661 5.49114 5.553723 3.797209
0 0.7831792 0.834256 1.173409 2.690963 2.150479 1.450665 0.7479089 0.7553103 1.159894 4.271017 4.375931 3.683407
0 -0.6209511 -0.6040196 -1.073926 4.180812 3.588902 1.906296 -0.5773593 -0.5569337 -0.9916753 -3.961028 -4.13759 -3.576042
0 1.061518 1.306543 1.367888 0.3465739 0.6931472 0.804719 1.082439 1.244697 1.46326 4.674758 4.748974 3.898253
0 0.7340905 0.8174078 1.055046 0 0 0.3465739 0.7061898 0.6591711 1.068314 4.234097 4.318181 3.567558
0 1.495205 1.676378 1.675606 1.039721 1.609438 1.445186 1.603656 1.670419 1.876581 5.385484 5.329243 4.345689
