-3681.35 -1451.36 -2230
-3688.63 -1431.38 -2257.24
-3612.75 -1448.96 -2163.79
-3561.72 -1416.27 -2145.44
-3626.24 -1471.83 -2154.41
-3677.58 -1442.74 -2234.84
-3584.4 -1459.55 -2124.85
-3507.07 -1420.28 -2086.79
-3636.71 -1407.92 -2228.79
-3673.02 -1458.22 -2214.8
-3566.95 -1454.29 -2112.66
-3634.2 -1428.59 -2205.61
-3771.03 -1461.41 -2309.62
-3523.32 -1468.51 -2054.81
-3613.36 -1424.81 -2188.55
-3631.65 -1432.91 -2198.75
-3773.04 -1441.16 -2331.88
-3613.9 -1441.9 -2172
-3631.56 -1444.44 -2187.12
-3655.62 -1474.05 -2181.57
-3593.11 -1434.38 -2158.73
-3680.61 -1446.33 -2234.27
-3573.5 -1443.56 -2129.94
-3571.62 -1433.5 -2138.12
-3593.51 -1447.53 -2145.98
-3564.71 -1441.32 -2123.39
-3594.92 -1423.55 -2171.37
-3662.92 -1439.41 -2223.51
-3610.85 -1407.22 -2203.62
-3584.72 -1418.54 -2166.18
-3639.34 -1439.67 -2199.67
-3575.75 -1423.48 -2152.27
-3569.45 -1428.59 -2140.85
-3653.84 -1399.21 -2254.63
-3618.26 -1457.2 -2161.06
-3556.92 -1422.39 -2134.53
-3592.03 -1433.91 -2158.12
-3604.76 -1431.99 -2172.77
-3543.53 -1410.57 -2132.97
-3591.63 -1447.42 -2144.21
-3643.54 -1435.27 -2208.27
-3669.91 -1430.14 -2239.77
-3503.45 -1438.16 -2065.29
-3675.63 -1446.39 -2229.23
-3639.63 -1413.37 -2226.26
-3673.13 -1460.96 -2212.17
-3635.65 -1429.42 -2206.23
-3620.48 -1430.39 -2190.09
-3483.36 -1432.97 -2050.39
-3584.55 -1428.36 -2156.19
-3572.69 -1433.47 -2139.23
-3548.99 -1443.4 -2105.58
-3548.17 -1409.22 -2138.95
-3540.82 -1441.2 -2099.62
-3614.07 -1411.72 -2202.35
-3554.36 -1458.56 -2095.8
-3463.96 -1428.25 -2035.72
-3481.14 -1445.76 -2035.38
-3652.27 -1440.82 -2211.44
-3554.02 -1463.51 -2090.52
-3651.59 -1430.92 -2220.67
-3576.57 -1432.86 -2143.71
-3665.02 -1444.74 -2220.28
-3575.67 -1387.22 -2188.45
-3625.7 -1501.73 -2123.97
-3518.89 -1392.85 -2126.04
-3645.94 -1397.71 -2248.23
-3581.94 -1424.66 -2157.28
-3552.29 -1427.05 -2125.24
-3574.86 -1440.2 -2134.65
-3589.29 -1448.76 -2140.52
-3531.14 -1415.93 -2115.21
-3665 -1442.83 -2222.17
-3559.33 -1455.05 -2104.28
-3633.48 -1433.4 -2200.08
-3590.44 -1449.29 -2141.15
-3636.96 -1419.62 -2217.34
-3711.51 -1409.9 -2301.61
-3578.73 -1429.21 -2149.52
-3651.86 -1415.02 -2236.83
-3613.06 -1454.11 -2158.94
-3604.54 -1421.59 -2182.95
-3601.88 -1453.31 -2148.57
-3613.26 -1435.47 -2177.79
-3613.78 -1432.71 -2181.07
-3646.5 -1429.54 -2216.96
-3659.22 -1434.92 -2224.3
-3682.83 -1469.07 -2213.76
-3524.74 -1393.91 -2130.83
-3632.02 -1434.14 -2197.88
-3686.65 -1435.32 -2251.33
-3518.93 -1391.45 -2127.47
-3626.77 -1445.32 -2181.45
-3526.56 -1456.37 -2070.18
-3517.07 -1410.63 -2106.44
-3573.59 -1439.13 -2134.46
-3652.52 -1445.59 -2206.93
-3594.54 -1405.1 -2189.44
-3632.86 -1448.75 -2184.12
-3715.66 -1451.61 -2264.05
-3683.98 -1450.9 -2233.08
-3602.26 -1381.56 -2220.71
-3592.23 -1425.02 -2167.21
-3579.51 -1443.23 -2136.29
-3515.1 -1415.73 -2099.38
-3516.54 -1438.03 -2078.51
-3619.4 -1432.51 -2186.89
-3613.83 -1413.55 -2200.28
-3639.83 -1439.58 -2200.24
-3661.73 -1451.57 -2210.16
-3652.12 -1442.41 -2209.72
-3534.12 -1435.5 -2098.62
-3562.9 -1408.97 -2153.94
-3558.85 -1416.18 -2142.67
-3572.89 -1432.99 -2139.9
-3543 -1429.26 -2113.74
-3616.63 -1462.07 -2154.57
-3669.96 -1433.07 -2236.9
-3672.87 -1456.71 -2216.16
-3581.09 -1447.36 -2133.73
-3709.14 -1452.09 -2257.05
-3647.41 -1431.16 -2216.25
-3605.71 -1427.34 -2178.37
-3590.11 -1436.17 -2153.94
-3594.76 -1426.26 -2168.51
-3582.87 -1428.21 -2154.65
-3527.23 -1416.51 -2110.72
-3555.59 -1446.39 -2109.19
-3560.33 -1431.25 -2129.08
-3563.57 -1476 -2087.56
-3649.67 -1435.59 -2214.08
-3613.73 -1419.25 -2194.48
-3518.06 -1439.53 -2078.53
-3621.13 -1411.06 -2210.07
-3642.17 -1428.2 -2213.97
-3534.84 -1407.86 -2126.99
-3515.16 -1432.22 -2082.94
-3531 -1425.22 -2105.79
-3636.11 -1435.34 -2200.77
-3616.69 -1443.18 -2173.51
-3572.66 -1471.95 -2100.71
-3573.07 -1471.9 -2101.17
-3571.29 -1443.37 -2127.92
-3598.61 -1467.98 -2130.63
-3693.17 -1393.08 -2300.09
-3596.75 -1452.28 -2144.47
-3585.64 -1455.79 -2129.84
-3620.29 -1438.38 -2181.92
-3578.95 -1452.26 -2126.69
-3479.09 -1440.27 -2038.82
-3568.39 -1413.67 -2154.72
-3562.08 -1444.69 -2117.39
-3536.59 -1471.44 -2065.16
-3631.78 -1442.14 -2189.64
-3527.57 -1421.71 -2105.87
-3530.75 -1450.35 -2080.4
-3552.22 -1411.01 -2141.21
-3602.78 -1449.79 -2152.98
-3671.14 -1464.27 -2206.86
-3563.73 -1431.73 -2132
-3571.94 -1440.81 -2131.13
-3591.25 -1476.7 -2114.56
-3721.45 -1438.14 -2283.31
-3587.55 -1453.23 -2134.32
-3486.76 -1426.95 -2059.81
-3680.1 -1434.42 -2245.68
-3555.59 -1421.43 -2134.16
-3691.46 -1414.49 -2276.97
-3638.42 -1422.16 -2216.26
-3546.52 -1409.91 -2136.62
-3638.94 -1474.33 -2164.61
-3516.48 -1442.67 -2073.8
-3615.14 -1414.76 -2200.38
-3700.16 -1442.31 -2257.85
-3590.54 -1490.08 -2100.45
-3705.34 -1406.26 -2299.07
-3602 -1445.06 -2156.94
-3671.68 -1422.89 -2248.79
-3587.4 -1436.75 -2150.66
-3536.75 -1422.13 -2114.62
-3561.95 -1414.07 -2147.88
-3602.18 -1444.48 -2157.71
-3633.41 -1428.73 -2204.68
-3553.77 -1421.33 -2132.45
-3537.74 -1437.92 -2099.82
-3621.91 -1488.38 -2133.53
-3608.68 -1459.92 -2148.76
-3589.86 -1435.56 -2154.31
-3619.82 -1418.1 -2201.73
-3594.01 -1399.47 -2194.54
-3637.2 -1424.39 -2212.82
-3625.21 -1427.99 -2197.22
-3546.29 -1392.94 -2153.35
-3608.3 -1418.04 -2190.26
-3623.31 -1426.4 -2196.91
-3618.85 -1440.41 -2178.45
-3620.93 -1446.18 -2174.75
-3621.06 -1464.85 -2156.21
-3694.21 -1428.56 -2265.65
-3653.29 -1418.71 -2234.58
-3678.34 -1434.27 -2244.07
-3561.65 -1458.77 -2102.88
-3593.72 -1446.34 -2147.38
-3645.68 -1422.28 -2223.4
-3592.39 -1444.08 -2148.31
-3592.91 -1447.75 -2145.16
-3517.81 -1442.73 -2075.09
-3593.08 -1450.49 -2142.59
-3579.14 -1461.04 -2118.1
-3578.37 -1406.62 -2171.74
-3592.92 -1414.87 -2178.04
-3489.82 -1454.42 -2035.4
-3687.66 -1454.83 -2232.83
-3564.9 -1436.55 -2128.35
-3608.68 -1466.65 -2142.03
-3612.39 -1436.18 -2176.21
-3567.35 -1449.55 -2117.8
-3636.68 -1411.38 -2225.3
-3555.71 -1447.31 -2108.4
-3529.62 -1442.42 -2087.21
-3651.35 -1430.18 -2221.17
-3618.01 -1439.11 -2178.89
-3547.44 -1439.51 -2107.93
-3634.96 -1465.64 -2169.33
-3564.17 -1415.89 -2148.28
-3648.5 -1462.53 -2185.97
-3634.11 -1460.85 -2173.26
-3618.7 -1444.18 -2174.52
-3587.61 -1410.24 -2177.37
-3513.57 -1449.01 -2064.56
-3556.75 -1452.19 -2104.56
-3642.2 -1440.86 -2201.33
-3595.26 -1453.25 -2142.01
-3545.99 -1428.16 -2117.83
-3588.49 -1414.07 -2174.42
-3563.59 -1441.58 -2122.01
-3657.19 -1438.86 -2218.33
-3611.53 -1457.47 -2154.06
-3549.36 -1419.16 -2130.2
-3559.77 -1434.16 -2125.61
-3564.95 -1419.57 -2145.38
-3657.31 -1413.1 -2244.21
-3630.8 -1426.09 -2204.7
-3607.59 -1454.72 -2152.87
-3549.88 -1424.55 -2125.34
-3695.57 -1440.02 -2255.55
-3606.23 -1418.06 -2188.17
-3566.65 -1445.58 -2121.08
-3517.94 -1403.53 -2114.42
-3603.1 -1403.75 -2199.35
-3569.72 -1405.45 -2164.27
-3611.12 -1421.36 -2189.76
-3531.84 -1449.5 -2082.34
-3488.24 -1442.31 -2045.93
-3624.54 -1462.61 -2161.92
-3558.49 -1459.23 -2099.26
-3660.52 -1429.8 -2230.72
-3576.35 -1428.74 -2147.61
-3689.24 -1384.14 -2305.1
-3624.03 -1458.23 -2165.8
-3567.24 -1437.83 -2129.41
-3580.83 -1448.46 -2132.38
-3615.25 -1408.82 -2206.43
-3565.86 -1436.69 -2129.17
-3477.76 -1473.1 -2004.66
-3597.51 -1414.7 -2182.81
-3524.23 -1421.64 -2102.59
-3623.35 -1429.64 -2193.7
-3538.62 -1447.59 -2091.03
-3582.04 -1452.08 -2129.96
-3517.45 -1448.9 -2068.54
-3625.43 -1473.19 -2152.24
-3650.86 -1442.66 -2208.21
-3635.42 -1409.2 -2226.23
-3619.48 -1452.13 -2167.35
-3553.55 -1421.69 -2131.86
-3685.44 -1433.98 -2251.46
-3612.61 -1416.58 -2196.03
-3594.94 -1436.97 -2157.97
-3783.48 -1461.18 -2322.3
-3705.04 -1442.07 -2262.97
-3656.57 -1408.92 -2247.65
-3592.55 -1449.15 -2143.4
-3590.61 -1445.05 -2145.56
-3609.73 -1466.54 -2143.18
-3616.37 -1418.71 -2197.66
-3577.91 -1425.52 -2152.39
-3622.57 -1464.14 -2158.43
-3665.66 -1466.62 -2199.04
-3540.98 -1417.36 -2123.61
-3568.88 -1435.86 -2133.02
-3559.33 -1402.48 -2156.85
-3626.07 -1446.62 -2179.45
-3631.52 -1429.16 -2202.36
-3609.13 -1430.09 -2179.04
-3541.7 -1419.29 -2122.41
-3553.14 -1429.94 -2123.21
-3574.64 -1468.44 -2106.2
-3584.48 -1443.63 -2140.85
-3635.81 -1460.46 -2175.35
-3611.59 -1430.82 -2180.77
-3606.06 -1413.98 -2192.08
-3555.95 -1445.35 -2110.6
-3510.64 -1418.83 -2091.81
-3600.83 -1448.04 -2152.8
-3475.09 -1449.73 -2025.36
-3636.78 -1414.43 -2222.35
-3576.65 -1441.95 -2134.7
-3563.13 -1418.45 -2144.68
-3621.92 -1432.15 -2189.77
-3523.53 -1425.15 -2098.38
-3568.76 -1430.74 -2138.02
-3605.82 -1441.26 -2164.56
-3622.52 -1420.67 -2201.84
-3613.72 -1424.41 -2189.31
-3656.7 -1437.98 -2218.72
-3585.86 -1436.58 -2149.28
-3631.03 -1436.85 -2194.17
-3575.4 -1483.87 -2091.52
-3586.99 -1435.57 -2151.42
-3500.17 -1445.48 -2054.69
-3612.67 -1466.86 -2145.81
-3699.99 -1433.47 -2266.52
-3577.05 -1408.92 -2168.14
-3533.38 -1417.85 -2115.52
-3586.65 -1428.48 -2158.17
-3619.49 -1423.16 -2196.33
-3554.97 -1396.11 -2158.86
-3589.31 -1443.04 -2146.27
-3691.49 -1430.64 -2260.85
-3584.17 -1457.26 -2126.91
-3567.52 -1450.05 -2117.47
-3722.2 -1437.15 -2285.05
-3574.06 -1430.92 -2143.13
-3643.52 -1433.83 -2209.69
-3566.03 -1407.78 -2158.25
-3639.95 -1408.84 -2231.11
-3579.31 -1447.08 -2132.24
-3553.98 -1424.68 -2129.3
-3514.68 -1452.56 -2062.13
-3588.41 -1423.21 -2165.2
-3542.95 -1451.46 -2091.49
-3588.93 -1393.75 -2195.18
-3572.67 -1427.05 -2145.62
-3510.82 -1417.27 -2093.56
-3533.1 -1411.41 -2121.7
-3537.26 -1460.77 -2076.49
-3728.73 -1434.63 -2294.11
-3568.35 -1462.92 -2105.44
-3709.14 -1417.63 -2291.51
-3580.05 -1432.24 -2147.82
-3600.17 -1461.38 -2138.78
-3586.79 -1403.04 -2183.75
-3649.16 -1418.42 -2230.74
-3545.8 -1420.03 -2125.78
-3496.47 -1439.22 -2057.25
-3658.67 -1449.68 -2208.99
-3683.81 -1468 -2215.8
-3538.22 -1438.24 -2099.98
-3591.96 -1426.87 -2165.09
-3598.25 -1434.94 -2163.31
-3650.48 -1463.32 -2187.16
-3602.34 -1420.83 -2181.51
-3639.47 -1465.41 -2174.05
-3644.74 -1442.69 -2202.06
-3638.01 -1441.23 -2196.78
-3543.17 -1431.8 -2111.37
-3642.38 -1477.36 -2165.02
-3639.98 -1430.95 -2209.03
-3494.27 -1445.33 -2048.94
-3637.39 -1473.74 -2163.65
-3566.66 -1443.29 -2123.37
-3616.98 -1459.33 -2157.66
-3611.93 -1422.3 -2189.62
-3591.61 -1466.03 -2125.58
-3546.06 -1462.64 -2083.43
-3636.12 -1419.8 -2216.32
-3640.95 -1468.43 -2172.52
-3540.04 -1406.75 -2133.29
-3683.34 -1441.79 -2241.55
-3602.25 -1436.56 -2165.68
-3612.89 -1417.75 -2195.14
-3721.75 -1444.28 -2277.47
-3522.94 -1449.67 -2073.28
-3574.17 -1438.58 -2135.59
-3619.28 -1432.17 -2187.11
-3596.69 -1453.7 -2143
-3613.96 -1464.42 -2149.54
-3558.33 -1443.54 -2114.79
-3680.63 -1439.99 -2240.65
-3595.36 -1431.02 -2164.34
-3643.53 -1431.96 -2211.57
-3571.67 -1465.84 -2105.83
-3519.05 -1441.09 -2077.96
-3667.88 -1411.26 -2256.62
-3614.31 -1460.81 -2153.51
-3718.83 -1477.01 -2241.82
-3481.19 -1417.17 -2064.01
-3436.32 -1457.11 -1979.22
-3430.54 -1435.82 -1994.71
-3595.48 -1436.89 -2158.58
-3518.81 -1462.12 -2056.68
-3489.81 -1456.13 -2033.68
-3493.22 -1449.16 -2044.06
-3424.65 -1439.22 -1985.44
-3395.68 -1431.3 -1964.38
-3444.81 -1484.17 -1960.64
-3425.83 -1380.09 -2045.74
-3495.19 -1427.18 -2068.01
-3455.18 -1425.6 -2029.59
-3523.11 -1395.56 -2127.55
-3496.86 -1415.05 -2081.81
-3500.72 -1440.58 -2060.14
-3486.72 -1393.36 -2093.36
-3493.12 -1457.78 -2035.34
-3577.5 -1420.84 -2156.66
-3411.43 -1435.25 -1976.18
-3476.54 -1450.61 -2025.93
-3451.24 -1470 -1981.24
-3563.09 -1418.77 -2144.33
-3427.4 -1472.91 -1954.49
-3416.3 -1447.64 -1968.66
-3488.54 -1429.56 -2058.98
-3416.01 -1418.53 -1997.48
-3470.01 -1405.22 -2064.79
-3433.06 -1410.79 -2022.27
-3420.43 -1453.27 -1967.16
-3468.64 -1428.69 -2039.95
-3426.64 -1432.4 -1994.24
-3448.06 -1455.16 -1992.9
-3496.95 -1450.06 -2046.88
-3424.06 -1443.81 -1980.24
-3480.77 -1488.46 -1992.31
-3440.61 -1438.93 -2001.68
-3515.1 -1460.08 -2055.02
-3551.74 -1440.76 -2110.98
-3460.94 -1428.15 -2032.78
-3508.27 -1433.28 -2074.99
-3534.33 -1438.74 -2095.59
-3472.43 -1438.55 -2033.88
-3453.01 -1412.2 -2040.81
-3507.75 -1412.79 -2094.96
-3563.75 -1449.22 -2114.53
-3508.15 -1439.68 -2068.46
-3448.26 -1440.68 -2007.58
-3475.09 -1452.48 -2022.61
-3479.26 -1446.13 -2033.13
-3565.05 -1443.5 -2121.55
-3499.29 -1458.47 -2040.82
-3454.05 -1461.33 -1992.72
-3519.35 -1414.54 -2104.8
-3419.68 -1423.1 -1996.59
-3483.56 -1457.39 -2026.17
-3444.65 -1421.56 -2023.1
-3495.68 -1421.76 -2073.92
-3462.48 -1450.84 -2011.64
-3390.8 -1431.18 -1959.62
-3504.43 -1434.02 -2070.42
-3497.83 -1449.03 -2048.79
-3429 -1482.06 -1946.93
-3516.53 -1479.75 -2036.78
-3514.83 -1432.7 -2082.13
-3522.05 -1456.86 -2065.19
-3427.87 -1427.32 -2000.54
-3379.2 -1450.11 -1929.09
-3462.96 -1424.32 -2038.64
-3583.14 -1451.16 -2131.98
-3554.15 -1430.71 -2123.44
-3423.28 -1448.91 -1974.38
-3440.65 -1410.81 -2029.85
-3505.55 -1440.92 -2064.64
-3475.85 -1440.35 -2035.5
-3441.51 -1443.34 -1998.17
-3468.66 -1449.55 -2019.11
-3416.74 -1429.29 -1987.46
-3620.81 -1456.81 -2164
-3501.65 -1451.8 -2049.85
-3483.71 -1430.72 -2052.99
-3424.66 -1467.41 -1957.25
-3531.42 -1486.6 -2044.82
-3480.25 -1435.92 -2044.33
-3515.59 -1484.4 -2031.19
-3455.39 -1434.8 -2020.59
-3537.28 -1441.87 -2095.41
-3582.83 -1448.31 -2134.52
-3446.28 -1446.26 -2000.02
-3385.95 -1411.58 -1974.37
-3422.28 -1465.96 -1956.32
-3455.51 -1414.41 -2041.1
-3444.15 -1448.15 -1996
-3480.2 -1440.89 -2039.31
-3413.75 -1443.3 -1970.44
-3484.59 -1439.59 -2045
-3547.17 -1480.12 -2067.05
-3531.78 -1442.08 -2089.69
-3425.28 -1452.84 -1972.44
-3571.54 -1472.89 -2098.64
-3541.47 -1435.34 -2106.14
-3511 -1474.25 -2036.76
-3368.26 -1427.77 -1940.49
-3411.9 -1448.85 -1963.05
-3524.22 -1407.13 -2117.09
-3428.47 -1468.72 -1959.74
-3450.87 -1485.96 -1964.91
-3422.72 -1448.74 -1973.98
-3474.32 -1455.76 -2018.57
-3463.98 -1472.67 -1991.31
-3410.35 -1411.98 -1998.37
-3436.2 -1433.19 -2003.01
-3472.84 -1462.33 -2010.51
-3487.57 -1463.61 -2023.96
-3413.29 -1438.5 -1974.79
-3468.73 -1458.12 -2010.61
-3552.09 -1483.71 -2068.38
-3443.08 -1459.07 -1984.01
-3544.36 -1463.86 -2080.5
-3577.73 -1445.87 -2131.86
-3531.83 -1446.28 -2085.54
-3472.24 -1459.55 -2012.69
-3541.13 -1480.68 -2060.46
-3380.75 -1430.08 -1950.66
-3417.77 -1451.1 -1966.67
-3481.1 -1444.04 -2037.06
-3546.33 -1426.58 -2119.74
-3488.72 -1447.53 -2041.19
-3499.38 -1405.76 -2093.63
-3544.32 -1457.34 -2086.98
-3416.28 -1424.35 -1991.93
-3523.83 -1426 -2097.82
-3521.4 -1451.71 -2069.7
-3541.36 -1437.56 -2103.81
-3431.22 -1472.32 -1958.9
-3527.03 -1452.19 -2074.84
-3463.31 -1461.37 -2001.94
-3491.85 -1420.68 -2071.17
-3414.51 -1470.97 -1943.53
-3470.91 -1461.33 -2009.58
-3426.32 -1415.25 -2011.07
-3447.13 -1437.35 -2009.78
-3455.73 -1425.84 -2029.89
-3488.96 -1428.93 -2060.03
-3471.19 -1466.3 -2004.89
-3534.89 -1432.97 -2101.92
-3611.13 -1430.47 -2180.66
-3471.11 -1438.41 -2032.71
-3511.35 -1419.3 -2092.05
-3491.06 -1467.1 -2023.95
-3484.02 -1412.25 -2071.77
-3450.5 -1392.81 -2057.7
-3431.58 -1433.02 -1998.55
-3456.61 -1456.43 -2000.18
-3502.08 -1448.96 -2053.12
-3433.14 -1423.23 -2009.91
-3531.13 -1444.03 -2087.11
-3555.17 -1474.54 -2080.63
-3463.05 -1444.53 -2018.52
-3411.16 -1433.54 -1977.62
-3472.51 -1472.15 -2000.36
-3459.54 -1424.43 -2035.11
-3528.28 -1423.73 -2104.55
-3426.64 -1453.83 -1972.81
-3450.3 -1426.98 -2023.32
-3407.84 -1444.15 -1963.69
-3463.31 -1442.39 -2020.92
-3452.88 -1452.03 -2000.86
-3384.7 -1441.99 -1942.71
-3429.86 -1476.07 -1953.79
-3416.87 -1421.18 -1995.69
-3489.93 -1457.82 -2032.11
-3421.7 -1445.23 -1976.47
-3480.3 -1429.42 -2050.88
-3520.45 -1443.56 -2076.9
-3542.68 -1429.48 -2113.21
-3427.11 -1483.82 -1943.29
-3502.4 -1443.49 -2058.91
-3536.97 -1443.45 -2093.52
-3484.97 -1459.2 -2025.77
-3533.92 -1449.09 -2084.82
-3487.77 -1434.68 -2053.08
-3488.58 -1422.39 -2066.2
-3485.77 -1463.6 -2022.16
-3509.03 -1442.01 -2067.02
-3504.34 -1432.89 -2071.45
-3508.54 -1413.08 -2095.46
-3509.51 -1445.48 -2064.02
-3476.35 -1457.01 -2019.34
-3444.7 -1460.22 -1984.48
-3490.74 -1447.51 -2043.22
-3496.89 -1434.58 -2062.31
-3503.56 -1464.33 -2039.23
-3534.43 -1434.94 -2099.48
-3486.77 -1405.36 -2081.41
-3520.46 -1442.27 -2078.19
-3383.52 -1449.92 -1933.6
-3446.95 -1445.39 -2001.56
-3444.53 -1452.95 -1991.58
-3456.41 -1402.09 -2054.31
-3401.36 -1475.57 -1925.79
-3467.92 -1465.63 -2002.28
-3501.58 -1453.86 -2047.72
-3417.1 -1466.05 -1951.05
-3481.9 -1455.47 -2026.43
-3435.9 -1457.07 -1978.82
-3418.35 -1416.44 -2001.91
-3510.6 -1457.13 -2053.48
-3500.48 -1435.27 -2065.2
-3468.01 -1430.84 -2037.17
-3380.47 -1486.16 -1894.32
-3448.74 -1442.69 -2006.05
-3477.4 -1448.19 -2029.21
-3554.67 -1435.77 -2118.9
-3465.28 -1468.76 -1996.52
-3485.23 -1397.93 -2087.3
-3528.85 -1477.99 -2050.86
-3537.98 -1438.16 -2099.82
-3481.25 -1459.28 -2021.96
-3421.55 -1424.79 -1996.75
-3543.25 -1415.55 -2127.7
-3372.11 -1459.79 -1912.33
-3385.05 -1435.41 -1949.64
-3506.87 -1476.84 -2030.04
-3558.06 -1478.25 -2079.81
-3500.93 -1426.3 -2074.63
-3455.43 -1443.33 -2012.1
-3530.88 -1484.52 -2046.36
-3473.44 -1438.47 -2034.97
-3458.02 -1451.87 -2006.15
-3482.55 -1423.26 -2059.29
-3500.78 -1445.45 -2055.33
-3468.33 -1450.49 -2017.84
-3507.72 -1448.52 -2059.19
-3476.36 -1423.12 -2053.24
-3517.96 -1423.37 -2094.58
-3510.8 -1469.89 -2040.9
-3437.46 -1476.06 -1961.4
-3486.97 -1436.46 -2050.51
-3508.67 -1458.9 -2049.77
-3467.72 -1439.18 -2028.54
-3581.79 -1461.25 -2120.54
-3480.69 -1464.85 -2015.84
-3478.25 -1446.12 -2032.13
-3525.98 -1460.2 -2065.78
-3460.83 -1440.32 -2020.51
-3482.93 -1452.18 -2030.76
-3614.49 -1444.68 -2169.81
-3526.41 -1453.08 -2073.32
-3415.35 -1437.84 -1977.51
-3460.34 -1460.82 -1999.52
-3421.04 -1432.97 -1988.06
-3557.18 -1435.61 -2121.57
-3477.71 -1441.22 -2036.48
-3404.45 -1457.39 -1947.06
-3457.51 -1415.89 -2041.62
-3427.78 -1438.82 -1988.96
-3517.79 -1461.49 -2056.3
-3445.48 -1464.28 -1981.21
-3460.03 -1449.46 -2010.57
-3565.11 -1464.6 -2100.5
-3462.66 -1436.14 -2026.52
-3471.05 -1454.34 -2016.71
-3455.12 -1424.57 -2030.55
-3489.23 -1447.2 -2042.04
-3527.1 -1426.74 -2100.36
-3449.74 -1412.84 -2036.9
-3567.15 -1430.88 -2136.26
-3554.07 -1474.62 -2079.45
-3499.56 -1456.67 -2042.9
-3508.48 -1437.5 -2070.98
-3590.71 -1440.2 -2150.51
-3453.43 -1429.29 -2024.14
-3452.2 -1442.11 -2010.09
-3546.6 -1434.72 -2111.88
-3402.71 -1460.6 -1942.11
-3503.82 -1431.89 -2071.93
-3452.02 -1430.98 -2021.04
-3491.28 -1415.07 -2076.22
-3538.71 -1443.76 -2094.95
-3446.18 -1442.25 -2003.93
-3452.27 -1480.05 -1972.22
-3488.52 -1458.37 -2030.15
-3569.62 -1450.06 -2119.56
-3460.45 -1458.82 -2001.63
-3507 -1459.11 -2047.89
-3528.74 -1444.23 -2084.5
-3503.34 -1435.42 -2067.91
-3463 -1429.34 -2033.66
-3482.86 -1440.25 -2042.61
-3509.42 -1466.34 -2043.08
-3467.51 -1466.72 -2000.79
-3515.28 -1457.44 -2057.84
-3376.98 -1435.11 -1941.87
-3463.87 -1435.76 -2028.12
-3377.89 -1444.84 -1933.06
-3405.91 -1438.08 -1967.83
-3472.75 -1432.09 -2040.66
-3447.42 -1452.72 -1994.71
-3479.52 -1412.09 -2067.43
-3542.55 -1445.89 -2096.66
-3480.51 -1435.6 -2044.91
-3442.95 -1417.4 -2025.55
-3420.03 -1446 -1974.03
-3522.88 -1415.74 -2107.14
-3509.36 -1456.68 -2052.68
-3568.02 -1424.22 -2143.8
-3521.67 -1439.18 -2082.5
-3436.19 -1449.07 -1987.12
-3479.92 -1427.07 -2052.85
-3475.45 -1434.72 -2040.73
-3426.88 -1415.23 -2011.65
-3567.84 -1415.49 -2152.36
-3412.8 -1430.97 -1981.83
-3517.86 -1404.69 -2113.16
-3513.08 -1449.53 -2063.55
-3548.69 -1474.38 -2074.32
-3624.85 -1436.57 -2188.27
-3502.98 -1434.58 -2068.41
-3439.4 -1460.13 -1979.26
-3510.3 -1456.03 -2054.27
-3519.63 -1454.34 -2065.29
-3446.2 -1429.77 -2016.43
-3486.99 -1476.45 -2010.54
-3502.57 -1465.41 -2037.16
-3467.98 -1413.63 -2054.35
-3452.76 -1463.32 -1989.43
-3420.29 -1454.76 -1965.53
-3558.54 -1458.04 -2100.5
-3362.53 -1443.98 -1918.55
-3500.45 -1451.28 -2049.17
-3376.01 -1439.89 -1936.13
-3460.37 -1453.24 -2007.13
-3455.03 -1444.11 -2010.92
-3466.45 -1453.04 -2013.41
-3448.16 -1423.36 -2024.8
-3529.75 -1422.49 -2107.26
-3500.79 -1430.88 -2069.91
-3474.66 -1423 -2051.66
-3584.98 -1432.27 -2152.71
-3421.8 -1449.11 -1972.69
-3457.42 -1452.75 -2004.68
-3565.67 -1448.67 -2117
-3487.58 -1460.65 -2026.93
-3422.53 -1469.62 -1952.91
-3527.15 -1445.31 -2081.84
-3475.79 -1448.61 -2027.18
-3520.31 -1446.95 -2073.36
-3531.9 -1424.93 -2106.97
-3445.61 -1435.18 -2010.43
-3462.11 -1428.08 -2034.03
-3457.81 -1429.49 -2028.32
-3402.49 -1459.05 -1943.44
-3509.83 -1450.4 -2059.43
-3392.42 -1446.82 -1945.6
-3496.24 -1446.15 -2050.09
-3464.85 -1419.63 -2045.22
-3472.85 -1450.72 -2022.14
-3541.92 -1452.9 -2089.02
-3480.75 -1453.31 -2027.44
-3428.99 -1436.34 -1992.64
-3413.02 -1393.1 -2019.92
-3508.95 -1468.24 -2040.71
-3529.53 -1480.29 -2049.24
-3453.76 -1462.31 -1991.46
-3453.08 -1466.69 -1986.39
-3481.32 -1452.56 -2028.76
-3510.87 -1486.06 -2024.82
-3494.18 -1440.9 -2053.28
-3466.43 -1456.75 -2009.68
-3536.79 -1455.58 -2081.22
-3507.31 -1454.59 -2052.72
-3449.44 -1452.73 -1996.7
-3470.81 -1445.19 -2025.62
-3503.68 -1438.54 -2065.14
-3486.85 -1441.7 -2045.16
-3465.27 -1423.56 -2041.71
-3509.74 -1437.46 -2072.27
-3443.13 -1442.03 -2001.1
-3435.53 -1380.55 -2054.97
-3492.28 -1461.56 -2030.72
-3506.48 -1427.04 -2079.43
-3418.16 -1390.13 -2028.03
-3428.43 -1388.21 -2040.22
-3467.12 -1427.08 -2040.04
-3423.52 -1456.35 -1967.17
-3521.97 -1471.56 -2050.42
-3404.9 -1466.43 -1938.47
-3508.72 -1454.18 -2054.54
-3410.63 -1383.99 -2026.65
-3383.33 -1443.55 -1939.78
-3408 -1408.47 -1999.53
-3552.76 -1484.63 -2068.13
-3388.61 -1432.92 -1955.69
-3455.06 -1454.78 -2000.28
-3464.68 -1435.01 -2029.67
-3465.95 -1487.19 -1978.76
-3505.45 -1461.39 -2044.07
-3461.47 -1445.66 -2015.81
-3452.88 -1433.24 -2019.64
-3411.17 -1435.13 -1976.04
-3459.23 -1435.55 -2023.68
-3493.13 -1432.3 -2060.83
-3421.4 -1447.22 -1974.19
-3537.9 -1421.33 -2116.57
-3473.64 -1425.31 -2048.34
-3514.33 -1452.74 -2061.59
-3449 -1404.63 -2044.36
-3403.61 -1435.21 -1968.4
-3510.42 -1427.17 -2083.25
-3425.68 -1447.08 -1978.6
-3377.42 -1429.09 -1948.32
-3397.2 -1465.94 -1931.26
-3525.42 -1448.41 -2077.01
-3432.08 -1441.22 -1990.86
-3573.6 -1473.25 -2100.35
-3519.77 -1460.18 -2059.59
-3539.92 -1429.3 -2110.62
-3447.83 -1439.79 -2008.03
-3504.93 -1436.63 -2068.3
-3441 -1435.61 -2005.39
-3467.2 -1442.61 -2024.59
-3488.09 -1428.61 -2059.47
-3559.57 -1467.26 -2092.31
-3431.95 -1419.16 -2012.78
-3464.78 -1450.57 -2014.21
-3465.71 -1447.84 -2017.88
-3437.9 -1469.18 -1968.71
-3475.15 -1462.73 -2012.42
-3468.95 -1464.92 -2004.03
-3428.44 -1449.43 -1979.02
-3527.48 -1428.95 -2098.53
-3450.88 -1443.14 -2007.74
-3538.69 -1416.94 -2121.75
-3483.06 -1427.04 -2056.01
-3502.56 -1461.43 -2041.14
-3447.29 -1474.89 -1972.4
-3498.88 -1430.92 -2067.96
-3497.51 -1461.98 -2035.53
-3559.11 -1424.98 -2134.13
-3530.05 -1467.56 -2062.5
-3450.39 -1456.08 -1994.3
-3490.87 -1448.17 -2042.7
-3518.67 -1449.19 -2069.48
-3416.57 -1455.69 -1960.88
-3475.41 -1437.13 -2038.28
-3404.83 -1443.61 -1961.22
-3504.55 -1441.28 -2063.28
-3490.72 -1445.37 -2045.35
-3517.75 -1464.19 -2053.56
-3515.96 -1452.96 -2063
-3460.49 -1433.11 -2027.38
-3405.49 -1419.3 -1986.19
-3493.37 -1454.77 -2038.61
-3391.28 -1459.82 -1931.46
-3485.03 -1443.19 -2041.84
-3430.12 -1434.18 -1995.94
-3451.09 -1470.3 -1980.79
-3451.26 -1437.78 -2013.47
-3570.24 -1449.59 -2120.65
-3451.83 -1438.31 -2013.53
-3429.93 -1444.74 -1985.19
-3527.74 -1472.5 -2055.24
-3425.94 -1455.65 -1970.29
-3447.97 -1457.57 -1990.4
-3477.32 -1448.37 -2028.96
-3423.78 -1478.49 -1945.29
-3503.67 -1433.37 -2070.3
-3484.08 -1458.37 -2025.71
-3517.91 -1469.14 -2048.77
-3528.9 -1443.11 -2085.79
-3352.34 -1441.86 -1910.48
-3513.51 -1445.51 -2068
-3476.92 -1440.68 -2036.24
-3475.11 -1463.34 -2011.77
-3489.83 -1453.63 -2036.21
-3509.67 -1471.54 -2038.13
-3438.9 -1427.54 -2011.36
-3503.37 -1453.03 -2050.34
-3408.74 -1445.87 -1962.87
-3375.86 -1442.51 -1933.34
-3452.58 -1421.81 -2030.77
-3468.34 -1442.22 -2026.12
-3510.05 -1445.75 -2064.29
-3488.75 -1429.86 -2058.88
-3454.27 -1428.75 -2025.52
-3415.01 -1417.59 -1997.42
-3483.71 -1434.8 -2048.91
-3457.01 -1426.64 -2030.37
-3488.92 -1422.66 -2066.26
-3366.67 -1434.96 -1931.71
-3396.15 -1442.4 -1953.75
-3433.75 -1432.69 -2001.05
-3451.8 -1455.2 -1996.6
-3461.91 -1434.95 -2026.96
-3556.97 -1442.47 -2114.5
-3411.75 -1415.86 -1995.88
-3473.21 -1428.04 -2045.18
-3434.05 -1443.88 -1990.17
-3482.73 -1463.04 -2019.7
-3533.93 -1434.41 -2099.53
-3532.84 -1447.59 -2085.25
-3491.31 -1429.89 -2061.42
-3496.95 -1474.03 -2022.92
-3553.16 -1448.07 -2105.09
-3521.59 -1459.94 -2061.65
-3496.46 -1425.84 -2070.61
-3471.17 -1435.37 -2035.8
-3453.39 -1454.13 -1999.27
-3521.52 -1443.02 -2078.5
-3420.35 -1451.48 -1968.88
-3444.95 -1432.14 -2012.82
-3508.27 -1448.76 -2059.51
-3574.93 -1415.74 -2159.19
-3455.83 -1452.05 -2003.77
-3482.95 -1427.59 -2055.36
-3476.04 -1451.86 -2024.18
-3487.82 -1478.65 -2009.17
-3513.94 -1413.74 -2100.19
-3509.95 -1434.16 -2075.79
-3480.9 -1440.07 -2040.83
-3450.79 -1467.12 -1983.67
-3431.59 -1446.72 -1984.87
-3402.45 -1413.69 -1988.76
-3426.79 -1451.94 -1974.85
-3419.02 -1425.74 -1993.28
-3469.11 -1431.61 -2037.5
-3457.54 -1436.27 -2021.27
-3460.45 -1430.6 -2029.85
-3508.7 -1433.97 -2074.73
-3539.38 -1466.28 -2073.11
-3526.77 -1443.41 -2083.36
-3431.01 -1451.17 -1979.84
-3486.39 -1437.78 -2048.62
-3414.7 -1454.08 -1960.63
-3492.34 -1430.63 -2061.71
-3435.03 -1443.4 -1991.63
-3520.07 -1431.07 -2089
-3475.69 -1428.02 -2047.67
-3521.21 -1432.44 -2088.77
-3548.18 -1399.96 -2148.22
-3491.9 -1445.91 -2045.99
-3440.21 -1451.74 -1988.47
-3545.01 -1443.16 -2101.85
-3504.14 -1431.69 -2072.45
-3429.66 -1460.33 -1969.34
-3482.86 -1455.87 -2026.99
-3630.36 -1432.21 -2198.15
-3542.54 -1428.09 -2114.45
-3406.59 -1452.83 -1953.76
-3452.91 -1439.6 -2013.31
-3438.55 -1451.87 -1986.68
-3504.17 -1457.27 -2046.89
-3468.29 -1435.14 -2033.15
-3478.31 -1434.18 -2044.13
-3412.06 -1418.43 -1993.63
-3557.65 -1425.53 -2132.12
-3392.47 -1461.14 -1931.32
-3470.31 -1444.87 -2025.44
-3503.52 -1438.96 -2064.57
-3389.71 -1442.63 -1947.08
-3401.83 -1410.03 -1991.8
-3512.24 -1431.13 -2081.11
-3486.76 -1479.58 -2007.18
-3477.39 -1446.05 -2031.34
-3491.69 -1439.43 -2052.26
-3411.78 -1464.05 -1947.73
-3448.62 -1444.08 -2004.54
-3430.89 -1401.34 -2029.55
-3537.15 -1470.95 -2066.2
-3521.12 -1465.89 -2055.22
-3507.38 -1444.76 -2062.62
-3399.02 -1446.27 -1952.74
-3505.78 -1447.63 -2058.15
-3482.54 -1432.77 -2049.77
-3417.09 -1399.83 -2017.26
-3465.79 -1443.76 -2022.03
-3444.46 -1409.56 -2034.9
-3377.27 -1427.43 -1949.85
-3392.18 -1433.25 -1958.93
-3407.02 -1457.22 -1949.8
-3395.58 -1432.8 -1962.78
-3481.82 -1440.51 -2041.31
-3436.27 -1464.49 -1971.77
-3452.72 -1451.62 -2001.09
-3566.65 -1434.47 -2132.18
-3472.2 -1426 -2046.21
-3540.91 -1473.62 -2067.3
-3504.06 -1438.43 -2065.63
-3396.97 -1421.42 -1975.55
-3499.31 -1443.66 -2055.65
-3459.67 -1427.7 -2031.97
-3510.67 -1455.53 -2055.14
-3515.13 -1461.04 -2054.1
-3529.01 -1463.6 -2065.41
-3410.42 -1461.34 -1949.07
-3454.15 -1449.09 -2005.05
-3408.66 -1413.97 -1994.68
-3430.51 -1455.93 -1974.57
-3463.9 -1465.22 -1998.68
-3520.24 -1447.81 -2072.43
-3574.19 -1467.78 -2106.41
-3387.67 -1475.7 -1911.97
