23
44
29
31
27
31
27
31
48
25
33
31
34
20
20
51
29
31
25
30
28
26
49
34
49
33
28
35
36
34
24
23
34
24
32
23
31
30
41
30
19
21
30
37
42
29
40
31
30
34
29
24
31
46
38
38
22
32
34
29
41
35
43
20
38
28
30
30
43
37
39
46
27
31
36
28
45
31
29
31
39
34
31
40
28
49
28
27
22
36
34
33
31
36
38
43
40
29
39
25
29
36
41
37
27
28
54
23
25
24
55
20
32
29
42
28
41
36
35
48
44
28
25
32
47
27
36
21
31
32
34
25
42
38
35
44
27
30
33
38
31
28
34
34
37
42
21
29
37
32
40
45
28
37
21
27
39
17
36
26
33
27
31
33
35
31
32
34
40
32
27
35
21
21
42
36
42
25
26
23
37
30
29
43
28
34
31
43
32
37
34
26
30
33
34
18
26
38
24
52
25
21
36
39
33
31
25
24
29
28
40
31
49
43
44
37
27
28
39
47
34
32
31
45
33
30
22
32
25
25
32
30
31
29
41
29
40
44
28
36
23
32
28
29
45
41
34
39
26
29
24
36
28
32
41
38
18
28
41
26
24
32
31
28
26
32
33
38
21
34
26
30
27
27
35
41
32
35
31
18
32
22
29
35
23
30
41
39
34
31
34
34
37
34
31
30
36
34
29
29
38
41
50
37
39
51
53
35
28
50
32
29
29
47
27
34
44
40
34
31
34
39
25
50
42
47
35
43
38
32
28
29
31
26
21
36
46
38
37
40
33
29
32
37
23
28
60
36
30
30
28
27
39
23
25
26
47
34
29
26
26
24
38
28
43
24
31
19
45
33
41
30
27
47
50
36
43
27
25
31
33
22
28
22
55
29
51
35
26
25
31
26
29
34
35
36
39
26
31
34
35
31
28
38
36
35
27
34
27
30
37
31
28
43
31
32
29
33
28
32
22
27
36
33
39
25
34
35
29
29
34
25
29
24
30
29
24
32
33
28
30
25
20
29
29
31
34
27
44
27
38
29
36
32
48
58
40
30
22
27
48
32
34
26
25
52
36
28
30
25
29
24
43
25
27
40
31
24
29
37
31
37
27
29
32
33
31
25
35
35
40
35
29
28
36
30
47
37
38
28
29
30
28
57
29
39
30
30
34
38
22
36
36
29
32
28
21
40
33
30
28
28
30
23
40
29
32
32
31
32
39
32
29
43
34
34
31
39
36
25
32
35
35
34
50
37
28
23
29
32
24
35
24
34
34
27
32
45
28
35
41
25
33
39
40
55
22
37
47
33
29
31
32
53
36
34
39
32
36
31
43
25
35
37
59
27
31
36
35
30
28
33
39
50
28
28
25
50
27
27
25
30
32
36
27
30
47
31
35
34
32
47
27
33
21
29
31
30
27
26
27
43
29
27
30
29
41
40
28
32
27
32
30
32
40
29
24
35
32
50
44
42
30
34
44
27
35
30
36
34
31
39
24
27
37
27
31
33
39
24
26
47
41
22
38
25
49
31
38
26
38
19
27
38
42
29
29
28
31
27
33
38
26
33
37
32
21
34
36
23
26
31
31
34
29
29
32
25
40
38
32
23
33
33
36
34
32
33
26
28
35
36
31
41
38
37
35
25
23
26
41
30
31
23
30
26
32
38
25
30
35
32
41
36
29
35
32
24
42
31
40
38
21
30
35
23
45
31
30
24
28
29
46
32
30
23
33
30
27
31
32
38
33
22
30
42
32
37
41
27
48
31
22
32
41
24
30
42
29
34
30
31
29
32
29
30
35
28
27
34
37
32
31
23
27
32
36
31
33
34
19
31
32
47
31
20
33
28
48
40
44
31
31
25
34
31
27
25
38
23
25
26
34
28
42
34
32
33
28
32
32
25
30
23
33
28
46
34
25
32
28
25
32
41
34
35
29
29
38
26
43
27
42
25
30
46
25
46
37
49
38
24
32
30
29
39
42
38
22
29
31
27
26
31
34
19
40
30
32
32
34
42
27
27
31
19
33
29
21
36
28
43
41
34
37
37
53
36
42
39
31
26
39
32
42
27
46
25
29
34
26
33
31
32
40
37
33
28
31
45
29
40
30
36
38
26
28
33
34
35
26
35
32
44
31
29
28
26
37
35
40
32
42
35
32
36
44
38
32
34
35
33
41
28
32
30
33
32
29
34
30
44
29
33
30
32
30
40
25
46
33
28
52
56
35
20
40
31
25
31
26
34
32
28
43
32
25
39
25
24
23
34
24
27
41
42
28
30
43
41
